6.49838 1.15767 0.24877 -4.31556 
5.06460 7.34107 -0.07762 6.01041 
7.93264 2.54725 0.24505 -3.92532 
8.01975 5.33841 0.22067 -4.44181 
7.20001 4.53789 0.07698 3.09511 
8.13097 1.32700 0.24357 -0.64274 
9.62432 1.50601 0.06861 -0.80343 
10.85350 4.25155 0.26138 -3.05685 
10.28555 5.14681 0.03510 2.89234 
8.14536 9.04150 -0.24505 10.12319 
10.35315 3.13553 0.13711 -0.97559 
11.12621 3.57522 0.30953 -4.58719 
12.00169 3.53201 0.21897 -3.54656 
11.34437 7.25515 0.08494 -1.50356 
9.85637 6.81663 0.11198 3.51595 
11.87538 9.20220 -0.19373 6.91331 
11.43371 8.78828 -0.09172 1.17071 
11.89766 9.14718 -0.03658 4.66753 
12.13264 6.27910 0.13520 -0.69248 
12.49292 9.74370 0.30942 -3.75698 
13.15042 13.44407 -0.00424 1.56860 
13.48505 14.67352 0.17401 -2.22664 
13.48505 14.67352 0.17401 -2.22664 
13.78409 11.11264 -0.01368 0.73456 
13.37303 17.39862 0.07221 1.84023 

3.42186 2.27524 -0.01824 3.02879 
7.02740 1.77907 0.47856 -8.15592 
6.33406 3.52312 0.11972 -1.15255 
5.84703 7.25177 -0.12916 3.73717 
6.54292 7.70326 0.28154 -5.72063 
6.84499 1.79029 0.39436 -5.88911 
7.72932 3.69731 0.06468 -0.45566 
8.84482 4.01436 0.16797 -3.25088 
8.46867 5.03379 0.02174 3.00582 
9.62034 2.82490 0.33996 -5.64022 
5.19297 6.80705 -0.20095 6.24138 
8.54422 5.55820 0.08579 0.03063 
9.07581 5.84566 0.20073 -1.94900 
10.12259 4.37126 0.32618 -5.01991 
10.19545 5.82080 0.03796 0.47863 
9.66461 9.74347 0.12990 0.64328 
6.34761 6.37423 -0.51037 17.99280 
10.59756 7.95850 0.29458 -0.83474 
10.48294 9.11140 0.10169 0.53607 
2.86124 14.84883 -0.69530 21.74529 
9.99961 14.59117 -0.02471 4.79017 
9.26842 11.32687 -0.38270 9.37356 
10.96874 12.62930 0.10339 -2.03324 
11.11769 14.57221 0.02481 0.13019 
11.34360 8.78585 -0.01760 1.04917 

6.60096 1.69362 -0.07961 1.42729 
7.89546 1.92805 0.08481 -1.92423 
8.50315 5.29584 0.15645 -3.07876 
8.24744 4.24509 0.07441 -0.36243 
8.80765 4.88084 0.12896 -1.89434 
7.51821 1.96804 0.07260 0.02989 
9.59093 2.01285 0.12684 -1.80093 
9.47156 3.79078 -0.01178 0.84068 
10.96511 5.18098 0.16516 -2.58183 
10.34539 2.31376 -0.10062 1.80840 
9.99623 10.07020 0.19403 -1.29652 
9.69387 7.86898 0.01783 2.93304 
10.21473 8.63202 0.00594 5.08893 
10.24848 8.69821 -0.34963 7.06172 
11.47843 7.30685 0.10646 1.37872 
11.49026 11.99614 0.03641 3.53460 
11.66874 9.21910 -0.02473 2.91810 
11.20679 10.29095 -0.30813 9.07936 
12.64941 8.35134 0.00499 -1.97280 
11.30632 9.25861 -0.21175 10.26752 
9.87782 15.32374 -0.19658 11.57151 
12.26723 15.97356 0.08693 4.82364 
12.26723 15.97356 0.08693 4.82364 
9.45243 16.46496 -0.37606 10.87281 
13.43403 9.02524 -0.17482 3.85593 

3.55888 2.25714 0.11498 -1.33211 
5.73972 1.81284 -0.04784 0.90338 
5.18946 4.77329 0.11467 1.73404 
5.57030 5.44142 -0.08613 2.96662 
6.05203 4.74292 0.06640 -0.52059 
5.85749 1.70218 0.40085 -2.50345 
7.31223 2.84545 -0.12761 3.16950 
7.10025 5.66727 -0.07849 0.69285 
8.81395 3.59503 -0.12442 3.36472 
8.57572 7.75485 -0.13726 6.81366 
7.35641 4.77628 -0.01888 3.65564 
8.99493 8.01705 0.26434 -4.20686 
9.08157 3.43009 0.14564 -2.65273 
9.19535 4.66417 0.10576 -0.91104 
10.56143 4.25631 0.33859 -4.56285 
10.70902 7.28491 0.42334 -6.22033 
10.11352 11.85818 0.04911 0.98760 
10.11226 9.93409 0.15349 -3.30348 
10.55286 10.37598 0.44381 -8.06538 
10.51203 8.55764 0.33445 -4.55520 
10.17171 10.38041 -0.19433 5.40499 
8.77260 16.45622 -0.31207 11.59853 
8.77260 16.45622 -0.31207 11.59853 
8.77260 16.45622 -0.31207 11.59853 
9.94041 12.20791 -0.13047 6.35814 

5.87866 3.25644 0.12625 -3.17813 
5.92410 3.64992 -0.33405 4.61786 
6.41622 4.16249 -0.27071 3.22791 
5.38342 6.05523 -0.16925 6.45964 
3.40968 7.32643 -0.59184 17.49502 
6.10532 0.96232 -0.12381 0.88452 
9.00057 4.32271 0.01260 1.22530 
8.68977 8.05077 -0.06037 3.22025 
7.87462 8.07630 -0.61948 13.18349 
9.21625 7.03546 -0.16152 5.21519 
8.23190 6.78776 -0.18821 4.34599 
9.81257 5.47242 0.10369 -3.37724 
9.57198 5.07817 -0.20324 2.79139 
10.19480 7.22652 0.36455 -7.67729 
9.84933 10.15711 -0.13906 2.45826 
4.44152 14.35034 -0.30609 14.81850 
9.54719 11.55896 -0.53570 12.89248 
7.24953 10.60349 -0.74636 21.25517 
9.85523 5.73410 -0.36720 7.75004 
10.86972 9.16609 -0.21182 5.59044 
7.18187 16.74158 -1.04757 25.25272 
11.66420 11.62227 -0.04575 -0.99173 
10.49845 13.56279 -0.38531 7.10293 
9.94630 17.22418 -1.00574 24.98085 
9.94630 17.22418 -1.00574 24.98085 

