145864.611969 2.061579 0.920868 0.067007 
133460.630333 2.218037 0.901091 0.076398 
139075.955560 2.187368 0.910112 0.074686 
133250.669004 2.305017 0.912742 0.067867 
127923.563276 2.902855 0.882682 0.088687 
125764.435669 2.548259 0.895115 0.088362 
131995.816627 2.471464 0.932857 0.052857 
122725.548861 2.116243 0.883467 0.091770 
127124.320724 2.323572 0.898365 0.087420 
124533.446854 2.506725 0.837067 0.128988 
131291.259341 2.003141 0.893370 0.071770 
129642.426185 2.326708 0.849604 0.114116 
134577.209885 2.706136 0.874590 0.095863 
123025.724097 2.760844 0.813582 0.150466 
138440.779168 2.519785 0.816339 0.144902 
134863.555917 2.404699 0.793698 0.169441 

123566.456367 3.071335 0.840217 0.135410 
132232.013373 2.466369 0.846449 0.127959 
128745.229964 2.686296 0.837435 0.144430 
133061.258701 2.724464 0.827930 0.143392 
125838.278004 2.805474 0.855984 0.116295 
128162.575495 2.429515 0.797523 0.178328 
126742.754211 2.697791 0.828999 0.150845 
115554.917225 2.764034 0.834889 0.150036 
120922.864320 2.753901 0.812709 0.154515 
116411.176557 2.974385 0.811111 0.179861 
122127.355175 2.925857 0.830278 0.134420 
120257.398134 2.693853 0.834143 0.151978 
114506.832809 3.287398 0.735705 0.222363 
124506.867018 2.854513 0.769184 0.194598 
140433.864058 2.673522 0.746015 0.228480 
116726.055886 3.456836 0.773026 0.186842 

123599.501230 2.656108 0.813428 0.153648 
120165.218844 2.581397 0.811757 0.161162 
115481.814035 2.748552 0.827658 0.149409 
106409.964609 2.832827 0.792208 0.176768 
121498.651341 2.802429 0.805863 0.176547 
114942.782971 3.000454 0.784853 0.196381 
118985.753982 2.996394 0.773802 0.200000 
107713.652679 3.333004 0.758431 0.206469 
113927.614194 3.291075 0.764629 0.215648 
108764.487438 3.427669 0.753212 0.232590 
113877.773532 3.590224 0.724629 0.244431 
110521.195901 3.207259 0.735714 0.236364 
114216.429688 3.390684 0.711071 0.248175 
105125.271738 3.332859 0.735194 0.236215 
115605.232715 3.621407 0.732386 0.226205 
125305.115909 2.913105 0.720248 0.247039 

112363.233067 3.171065 0.840600 0.147248 
108945.710132 3.335796 0.773069 0.200957 
107013.230810 2.868027 0.759347 0.205982 
113962.116499 3.008311 0.764327 0.211204 
106119.334238 3.232822 0.728111 0.238315 
106764.353831 3.343973 0.760899 0.209809 
112072.370232 3.318124 0.718043 0.248318 
106815.524831 3.515240 0.746980 0.224832 
113619.314498 3.318088 0.711389 0.257603 
94232.904865 3.785155 0.680556 0.288889 
104830.668960 3.071813 0.703125 0.264323 
113902.796806 3.203196 0.693986 0.278302 
114317.894311 3.281394 0.634015 0.337460 
106934.028522 3.416308 0.705995 0.258929 
109455.630187 3.302330 0.653295 0.306017 
104434.896140 4.365300 0.664438 0.308815 

118135.241621 2.966259 0.743202 0.224169 
102024.528564 3.676573 0.725556 0.241403 
110498.252499 3.187464 0.704063 0.259551 
100901.841330 3.536162 0.694010 0.264974 
105732.210149 3.378901 0.746000 0.225333 
103238.128453 3.666700 0.668948 0.293715 
93951.496480 3.819886 0.697075 0.268802 
104695.708304 3.530471 0.693325 0.265743 
103928.307363 3.596595 0.672202 0.286593 
104359.894432 3.742649 0.692646 0.279698 
97829.068687 4.160944 0.656999 0.303279 
96958.840793 3.811082 0.699391 0.274882 
94047.565502 4.802304 0.635228 0.322923 
94566.905912 4.068640 0.628357 0.339788 
100659.754216 3.716197 0.635623 0.342258 
96118.965092 4.119729 0.624547 0.337969 

