133982.373955 2.389219 0.932442 0.054891 
127327.056875 2.385543 0.896011 0.085470 
140009.647000 2.067210 0.917935 0.055592 
147854.608091 1.758772 0.927711 0.057070 
149594.823665 2.209652 0.894068 0.080508 
130561.688434 2.009898 0.912367 0.065018 
124945.385520 2.291149 0.895307 0.085199 
129435.756410 1.986088 0.935178 0.032047 
132454.474443 2.124016 0.910292 0.063282 
135469.776268 2.533346 0.929167 0.051389 
135023.079276 2.142023 0.909647 0.067255 
144734.449461 1.902103 0.922631 0.058027 
125764.662068 2.364404 0.909489 0.071533 
133871.809587 2.103805 0.916321 0.053942 
139404.175111 2.316182 0.930593 0.059973 
163457.928164 1.978509 0.904523 0.070910 

125660.494342 2.548987 0.884078 0.095670 
126420.723911 2.629152 0.864956 0.096556 
128227.044253 2.518218 0.859239 0.107405 
124103.780808 2.597572 0.866065 0.117974 
133436.488600 2.320638 0.848061 0.126510 
126214.484059 2.862759 0.858401 0.113821 
142065.246448 2.754416 0.854142 0.117647 
123032.822373 2.398156 0.862141 0.112666 
118841.751970 2.731055 0.841584 0.137199 
137927.547986 2.450134 0.868668 0.098186 
123087.325832 2.631615 0.850069 0.121045 
125325.083571 2.363978 0.851251 0.125085 
143750.094293 2.306232 0.859020 0.118877 
135880.711411 2.453687 0.871483 0.113171 
119328.602387 2.554020 0.840283 0.121555 
115462.910441 2.801149 0.866071 0.107887 

119186.895189 3.068722 0.827774 0.151804 
134063.479738 2.633842 0.818458 0.170006 
133544.749667 2.729554 0.814328 0.152836 
123905.184053 2.708474 0.814267 0.152314 
119373.091857 2.714532 0.849017 0.134831 
115040.846405 3.161642 0.833216 0.142756 
108943.831402 2.920155 0.828977 0.162061 
116714.028663 3.201269 0.824138 0.139310 
121427.070857 2.577324 0.804990 0.172029 
120555.890340 3.062597 0.808454 0.163804 
119862.430840 3.695261 0.823729 0.142373 
121749.379572 2.842693 0.822827 0.154612 
109668.630345 2.807852 0.829897 0.157585 
111758.217742 2.944339 0.835897 0.137729 
117962.730568 3.563503 0.804698 0.174497 
120431.550902 2.727245 0.810935 0.171278 

111398.236506 3.242563 0.784076 0.182861 
114692.896566 2.859834 0.807148 0.157788 
106950.730025 3.168304 0.761449 0.201640 
118337.690118 3.061032 0.765147 0.194878 
111217.463712 3.509086 0.782579 0.180959 
122774.804177 2.780540 0.772532 0.195586 
115898.533032 2.801015 0.791064 0.180026 
116199.121140 3.464471 0.806711 0.181879 
98554.801657 3.664446 0.783069 0.189720 
127669.696276 2.676860 0.778504 0.187648 
114505.262166 2.909114 0.781782 0.188073 
117695.820764 3.021827 0.794368 0.174198 
109084.441404 3.538257 0.783747 0.199036 
111236.896292 2.931485 0.781292 0.195155 
121108.219508 2.731533 0.785260 0.183609 
110522.713372 3.154509 0.792181 0.179698 

103202.766043 3.002907 0.775641 0.208689 
114594.268027 2.963530 0.765267 0.209288 
105521.119525 3.347324 0.739569 0.238896 
105675.476789 3.117901 0.728218 0.237321 
102426.243382 3.587751 0.770434 0.212509 
99086.631587 3.189434 0.733190 0.269671 
103457.511404 3.459642 0.778169 0.189437 
111641.284721 3.069222 0.749682 0.217916 
102658.154592 3.316144 0.739130 0.240166 
106072.128867 3.363104 0.741402 0.228175 
101469.155627 3.333273 0.767769 0.199859 
103371.857860 3.407605 0.765560 0.213001 
107567.713544 3.129850 0.716957 0.250806 
110069.986598 3.142529 0.740647 0.219404 
107940.794850 3.434933 0.749669 0.214570 
110440.146439 3.215326 0.749676 0.223087 

