51.78663 1.88704 0.96688 -21.90953 
52.76946 3.93730 0.71988 -13.98944 
61.90063 4.98226 0.53489 -12.69936 
61.90063 4.98226 0.53489 -12.69936 
61.90063 4.98226 0.53489 -12.69936 
55.34874 1.92853 1.08601 -22.61717 
69.44269 4.12879 0.71780 -14.70252 
64.29856 4.72102 0.58296 -11.22966 
65.58585 4.88151 0.67285 -11.80665 
65.58585 4.88151 0.67285 -11.80665 
62.40497 3.23063 1.17913 -29.56290 
72.87748 5.07345 1.00039 -22.91655 
92.32826 7.02249 0.79199 -19.48179 
92.61600 7.07812 0.57235 -19.01366 
92.61600 7.07812 0.57235 -19.01366 
86.26435 6.21233 1.05314 -24.50601 
90.17878 6.31081 1.21316 -26.71058 
86.84248 6.46764 0.93140 -24.83262 
88.18301 6.77630 0.98155 -22.99276 
92.00595 7.27599 1.17528 -24.95237 
92.27729 8.26213 0.90383 -29.25807 
92.27729 8.26213 0.90383 -29.25807 
92.27729 8.26213 0.90383 -29.25807 
92.99338 8.45544 0.90113 -29.52479 
92.83515 8.46866 1.03930 -26.32954 

43.01582 1.13111 0.15316 -5.22986 
39.67860 1.39193 -0.14760 5.04007 
39.67860 1.39193 -0.14760 5.04007 
39.67860 1.39193 -0.14760 5.04007 
39.67860 1.39193 -0.14760 5.04007 
21.50438 0.77914 -0.38948 8.47744 
21.50438 0.77914 -0.38948 8.47744 
21.50438 0.77914 -0.38948 8.47744 
21.50438 0.77914 -0.38948 8.47744 
21.50438 0.77914 -0.38948 8.47744 
43.31861 1.40407 -0.13051 4.45663 
50.47580 1.70345 -0.70897 16.44173 
50.47580 1.70345 -0.70897 16.44173 
50.47580 1.70345 -0.70897 16.44173 
50.47580 1.70345 -0.70897 16.44173 
52.27906 1.13515 -0.33905 -3.80993 
66.11307 2.13561 -0.92162 -3.58499 
66.11307 2.13561 -0.92162 -3.58499 
66.11307 2.13561 -0.92162 -3.58499 
66.11307 2.13561 -0.92162 -3.58499 
59.14137 2.48877 -0.92924 13.43315 
57.32981 2.74579 -1.56770 23.19696 
51.82074 3.09324 -0.75652 22.95093 
57.54933 3.41475 -0.28624 9.77787 
57.54933 3.41475 -0.28624 9.77787 

33.18519 0.87197 -1.69833 13.66544 
33.18519 0.87197 -1.69833 13.66544 
33.18519 0.87197 -1.69833 13.66544 
33.18519 0.87197 -1.69833 13.66544 
33.18519 0.87197 -1.69833 13.66544 
27.42044 0.44955 0.16569 -4.93235 
27.42044 0.44955 0.16569 -4.93235 
27.42044 0.44955 0.16569 -4.93235 
27.42044 0.44955 0.16569 -4.93235 
27.42044 0.44955 0.16569 -4.93235 
66.83578 1.23223 0.08403 -12.49692 
66.83578 1.23223 0.08403 -12.49692 
66.83578 1.23223 0.08403 -12.49692 
66.83578 1.23223 0.08403 -12.49692 
66.83578 1.23223 0.08403 -12.49692 
53.80622 1.48898 0.16838 -5.00615 
64.41612 2.03848 -1.50081 -5.22755 
64.41612 2.03848 -1.50081 -5.22755 
64.41612 2.03848 -1.50081 -5.22755 
64.41612 2.03848 -1.50081 -5.22755 
75.94013 2.09419 0.13499 -2.82903 
81.29983 1.86360 0.75495 -18.98524 
81.29983 1.86360 0.75495 -18.98524 
81.29983 1.86360 0.75495 -18.98524 
81.29983 1.86360 0.75495 -18.98524 

48.83994 0.31188 1.25238 -21.43681 
48.83994 0.31188 1.25238 -21.43681 
48.83994 0.31188 1.25238 -21.43681 
48.83994 0.31188 1.25238 -21.43681 
48.83994 0.31188 1.25238 -21.43681 
55.02089 0.33233 1.24706 -21.30057 
55.02089 0.33233 1.24706 -21.30057 
55.02089 0.33233 1.24706 -21.30057 
55.02089 0.33233 1.24706 -21.30057 
55.02089 0.33233 1.24706 -21.30057 
91.92262 0.40099 1.94016 -38.69734 
91.92262 0.40099 1.94016 -38.69734 
91.92262 0.40099 1.94016 -38.69734 
91.92262 0.40099 1.94016 -38.69734 
91.92262 0.40099 1.94016 -38.69734 
58.23934 1.02219 0.57296 -4.38063 
58.23934 1.02219 0.57296 -4.38063 
58.23934 1.02219 0.57296 -4.38063 
58.23934 1.02219 0.57296 -4.38063 
58.23934 1.02219 0.57296 -4.38063 
76.63422 1.53530 -1.08777 -10.33326 
95.53179 1.27296 0.68391 -25.21484 
95.53179 1.27296 0.68391 -25.21484 
95.53179 1.27296 0.68391 -25.21484 
95.53179 1.27296 0.68391 -25.21484 

13.81241 0.16182 0.15730 53.87473 
13.81241 0.16182 0.15730 53.87473 
13.81241 0.16182 0.15730 53.87473 
13.81241 0.16182 0.15730 53.87473 
13.81241 0.16182 0.15730 53.87473 
63.09619 0.39370 1.50728 14.28988 
63.09619 0.39370 1.50728 14.28988 
63.09619 0.39370 1.50728 14.28988 
63.09619 0.39370 1.50728 14.28988 
63.09619 0.39370 1.50728 14.28988 
63.33027 0.56296 1.51200 14.12964 
63.33027 0.56296 1.51200 14.12964 
63.33027 0.56296 1.51200 14.12964 
63.33027 0.56296 1.51200 14.12964 
63.33027 0.56296 1.51200 14.12964 
67.92648 0.90510 1.17256 25.92134 
67.92648 0.90510 1.17256 25.92134 
67.92648 0.90510 1.17256 25.92134 
67.92648 0.90510 1.17256 25.92134 
67.92648 0.90510 1.17256 25.92134 
89.24762 1.14069 1.57372 11.98106 
70.53972 1.58125 -1.96042 62.91333 
70.53972 1.58125 -1.96042 62.91333 
70.53972 1.58125 -1.96042 62.91333 
70.53972 1.58125 -1.96042 62.91333 

