223538.713413 2.207819 0.888367 0.091265 
179402.046563 3.041255 0.873448 0.097899 
169178.604779 3.147621 0.873552 0.097229 
162057.513748 3.563489 0.858320 0.107676 
242793.967431 2.468703 0.895871 0.085130 
234299.537887 2.157413 0.897581 0.081633 
174897.504286 3.066834 0.880118 0.087321 
153948.924333 3.444224 0.854673 0.103728 
164496.676061 3.269836 0.849066 0.110550 
241597.241297 2.190850 0.913516 0.063647 
157791.080940 3.160603 0.876623 0.082792 
187553.293243 2.985879 0.870909 0.094091 
159145.696849 3.400208 0.875932 0.088392 
174292.548734 3.136590 0.851781 0.127045 
181381.305097 2.741057 0.875768 0.099197 
248488.929354 1.961502 0.896220 0.088445 
172155.482880 3.249489 0.866830 0.089926 
178156.366851 2.846931 0.867871 0.101236 
246607.795538 2.048720 0.896937 0.078919 
160369.814719 3.299391 0.854221 0.113791 
239446.536123 2.233028 0.889216 0.094958 
163090.174527 2.798249 0.846741 0.126273 
157744.534275 3.134409 0.855479 0.114876 
194103.073989 2.700139 0.880000 0.104889 
171480.953372 2.875118 0.867618 0.102854 

163090.306548 3.254397 0.869430 0.105699 
171342.300084 2.902264 0.860499 0.121880 
158046.976407 3.340700 0.880500 0.102118 
215678.942947 2.314201 0.877796 0.109026 
147464.591026 3.109336 0.827567 0.132345 
170774.891920 2.883064 0.868395 0.111057 
150064.313150 3.267440 0.855402 0.114127 
151557.988727 3.155926 0.841081 0.141081 
190528.375337 2.515120 0.866726 0.108676 
207864.401622 2.344135 0.892347 0.093356 
154536.344767 2.388585 0.817607 0.178703 
177321.080084 2.746351 0.851306 0.115439 
179622.524673 3.157007 0.865248 0.117258 
199225.479229 2.667446 0.868499 0.102748 
178118.073405 2.932054 0.871151 0.113690 
174080.865134 3.163963 0.871331 0.094912 
169694.216075 3.387463 0.886179 0.085874 
259022.648808 1.943330 0.894809 0.089378 
197177.019527 2.639477 0.878091 0.095011 
177937.868035 2.881231 0.866856 0.111426 
212522.878386 2.466069 0.888386 0.100082 
177073.237651 2.734307 0.875845 0.101932 
219272.794759 2.503653 0.901255 0.075273 
175250.967145 3.221611 0.884938 0.079506 
182591.842448 2.670077 0.853938 0.116758 

178553.933534 2.891876 0.870706 0.097328 
206003.450949 2.133647 0.887342 0.096624 
173734.116102 2.988600 0.879142 0.097953 
158056.797514 3.697764 0.848977 0.140010 
196589.624444 2.536424 0.876153 0.106719 
151357.245056 3.232267 0.835294 0.146524 
173598.055634 2.740613 0.856867 0.123373 
162919.797022 2.684196 0.846970 0.139394 
163968.487008 3.175993 0.863474 0.095262 
151033.275692 3.186079 0.837722 0.146695 
228287.353294 1.986197 0.889016 0.082761 
177241.559206 3.133421 0.870486 0.084738 
162304.867357 3.338302 0.862603 0.100207 
168103.885019 3.228904 0.867773 0.116139 
179225.481310 3.113668 0.895803 0.082972 
151716.663198 3.385184 0.865615 0.100653 
178818.773993 2.635666 0.882831 0.085127 
156673.366087 3.040922 0.845711 0.128661 
157200.243666 3.073269 0.856614 0.119048 
146959.174352 3.152525 0.856095 0.126975 
191692.569430 2.852714 0.868375 0.114399 
208396.729426 2.232146 0.878008 0.100000 
189026.797859 2.737681 0.882138 0.108725 
153620.003891 3.148101 0.852193 0.119653 
142984.923972 3.148664 0.844877 0.131654 

207285.958883 1.975805 0.887815 0.099160 
129253.426505 3.098215 0.834695 0.145820 
203343.729789 2.209894 0.879274 0.105530 
156300.576623 3.121525 0.859724 0.112646 
152761.016440 3.445133 0.860974 0.126984 
171962.413503 2.394479 0.863481 0.109703 
135833.947219 3.409400 0.838786 0.139203 
181545.897969 3.060774 0.879810 0.097862 
195151.916580 2.638552 0.897138 0.097048 
199732.966486 2.379624 0.880087 0.096970 
180140.456303 2.711742 0.868458 0.120698 
146219.415023 3.078723 0.830601 0.138798 
154637.258001 3.209245 0.853554 0.115446 
247528.643267 2.100463 0.928281 0.068392 
176740.075587 2.482121 0.884802 0.107938 
160375.994090 2.519364 0.861979 0.128646 
172475.456044 2.336778 0.851888 0.132623 
138645.792261 3.333639 0.854340 0.116528 
147362.608928 3.784531 0.855130 0.128523 
142855.298998 2.984291 0.847652 0.129439 
201023.418341 2.442424 0.885295 0.103924 
149643.490252 2.954832 0.847467 0.111233 
144862.376488 3.398945 0.841137 0.139911 
159836.489005 2.909026 0.826175 0.148560 
135568.507288 3.346330 0.851920 0.137721 

181383.434577 2.474338 0.872071 0.106373 
208718.247935 1.929180 0.876344 0.114144 
178235.385257 2.651433 0.881985 0.105491 
123895.722043 3.342262 0.827964 0.150129 
144560.218352 3.369353 0.833795 0.144598 
142668.196688 2.644510 0.821667 0.153889 
144925.217504 2.996344 0.841957 0.146794 
157517.519461 2.960515 0.865252 0.107692 
152018.398461 2.898531 0.864670 0.107044 
128493.210381 3.426737 0.855959 0.128107 
159518.311397 2.787387 0.856620 0.115646 
123539.683334 3.166531 0.833333 0.145669 
135120.783065 3.439079 0.847172 0.114922 
171960.465756 2.759295 0.880320 0.097646 
119030.731538 3.529426 0.833775 0.143709 
152728.985256 2.960427 0.870595 0.116189 
171955.927604 2.597944 0.854589 0.121739 
145991.083787 2.449058 0.857143 0.145134 
159736.071800 2.975864 0.853033 0.139121 
129600.706201 2.873519 0.843711 0.118929 
178027.334116 2.271773 0.884634 0.083374 
157835.269869 2.752726 0.840745 0.140641 
154277.994223 2.789258 0.865979 0.111232 
155862.161457 2.874997 0.866024 0.106109 
119933.410453 3.462758 0.838431 0.146277 

