177213.187083 3.108173 0.854245 0.109906 
196967.763742 2.707582 0.868867 0.112896 
171212.756622 3.182648 0.877756 0.105210 
167746.750267 3.299030 0.862519 0.088309 
175861.806275 3.226465 0.871387 0.098748 
202649.990568 2.647116 0.853487 0.113083 
159880.566058 3.523327 0.811349 0.144848 
252188.937249 2.115832 0.879209 0.087817 
176995.144319 3.353342 0.835490 0.135860 
176944.998192 3.399608 0.844642 0.116051 
177140.646104 3.324536 0.763091 0.200591 
187236.978203 2.989250 0.807010 0.164696 
185304.619532 3.036224 0.793465 0.175534 
245155.346228 2.030899 0.838260 0.137615 
163530.781090 3.333978 0.774872 0.191032 
157740.694821 3.733992 0.709649 0.239912 
190130.933792 3.105317 0.799918 0.184026 
155211.338009 3.759022 0.699512 0.270306 
173561.794454 3.244273 0.738224 0.217591 
205315.763843 2.528007 0.782075 0.186315 
159534.694927 3.540477 0.673235 0.284483 
148737.863237 3.816665 0.675296 0.306713 
189654.630825 3.112977 0.708120 0.256401 
142762.166971 3.546169 0.676389 0.299074 
161737.660976 3.617880 0.679168 0.285773 

148854.339671 3.228478 0.835870 0.125000 
189992.428093 2.915282 0.851054 0.097100 
171641.841413 3.032759 0.845895 0.114258 
179246.092014 2.987081 0.866729 0.102769 
158155.753380 3.278445 0.862500 0.100521 
149369.687291 3.434773 0.814315 0.138485 
176284.395633 2.970079 0.829212 0.155678 
185250.786521 2.698682 0.836348 0.149537 
164248.651661 3.487263 0.824181 0.144509 
152756.152112 3.717100 0.786761 0.156139 
164530.154433 3.423730 0.761604 0.193330 
163796.733351 3.602140 0.795249 0.182898 
160357.937360 3.266862 0.760204 0.209184 
167063.613458 3.108646 0.796202 0.170449 
165833.677822 2.916740 0.776454 0.202474 
147337.387969 3.587313 0.725143 0.236616 
149313.095165 3.673994 0.697052 0.253515 
231048.735521 2.436446 0.792212 0.176905 
148847.162827 3.640480 0.762619 0.220890 
176445.220799 3.290979 0.752409 0.241307 
194045.056650 2.781576 0.736549 0.236364 
148121.150074 3.496768 0.671997 0.282195 
147830.885868 3.929551 0.682038 0.261309 
165827.431556 3.786810 0.704979 0.255187 
239518.811426 2.099157 0.769940 0.204639 

159197.614585 3.002136 0.845676 0.107198 
161490.223115 2.950946 0.852442 0.117738 
156783.442500 3.175032 0.823770 0.149078 
154610.238212 3.427301 0.860828 0.103170 
153506.684774 3.371718 0.826923 0.159563 
164549.627053 3.365070 0.837186 0.123463 
166686.987861 3.218072 0.850746 0.128856 
174396.646244 3.045877 0.819061 0.151013 
156067.856958 3.466588 0.803748 0.145464 
138071.420702 3.366973 0.812783 0.165158 
147111.211436 3.679003 0.755890 0.241604 
140577.591547 3.904566 0.774760 0.213525 
150974.539969 3.823606 0.776355 0.193103 
146054.217669 4.000874 0.765182 0.220648 
188588.689390 2.942170 0.815489 0.169276 
140986.617985 4.204791 0.723425 0.221457 
152208.207526 3.616818 0.727315 0.241508 
202061.069854 2.525275 0.801405 0.165431 
146292.003516 3.335273 0.721848 0.271896 
182402.012876 3.328585 0.746714 0.223019 
155326.527872 3.654774 0.710432 0.260791 
163601.667477 3.395464 0.731239 0.236911 
157759.110327 3.725389 0.711522 0.259015 
169131.342042 3.535722 0.736041 0.249577 
154496.104519 3.886081 0.705447 0.275381 

195043.187593 2.228311 0.879310 0.095491 
162607.147418 3.204340 0.858316 0.112936 
201988.292000 2.134229 0.859173 0.129962 
160730.529515 2.684836 0.864416 0.118442 
150155.319308 3.639331 0.844554 0.131363 
247636.006791 2.089633 0.888219 0.100426 
183022.862662 2.245052 0.849159 0.142662 
173366.780697 3.171586 0.809004 0.162347 
171654.628898 2.915349 0.797543 0.185168 
176940.678036 2.922321 0.849813 0.143190 
172298.425576 3.114965 0.805225 0.172319 
178487.064069 2.991648 0.809713 0.177483 
145284.985428 3.512812 0.782178 0.204273 
134092.575239 3.219788 0.747480 0.225995 
137139.345217 3.837937 0.766631 0.204936 
177062.781630 3.080605 0.763191 0.217391 
134533.060289 3.538597 0.707441 0.285933 
181553.430753 2.653344 0.750101 0.224341 
166518.427199 3.331428 0.757022 0.209541 
189840.728384 2.581622 0.780872 0.193301 
142112.918727 3.816934 0.688082 0.281192 
145622.860951 3.413012 0.682960 0.269507 
128627.747715 3.932670 0.671378 0.310954 
109815.456959 4.646612 0.636465 0.335742 
174852.519083 3.042150 0.738263 0.238887 

123927.976675 3.832663 0.837046 0.138765 
132794.967488 3.185050 0.851183 0.138854 
252063.460169 1.875250 0.893031 0.083275 
201155.074928 2.261443 0.878205 0.103846 
130442.263434 3.514234 0.823242 0.154128 
140979.233811 3.026872 0.816315 0.154828 
132380.853011 3.206247 0.787456 0.192218 
172909.934817 2.955897 0.846778 0.133652 
138599.778067 4.179735 0.820600 0.183928 
144260.687986 3.293626 0.797333 0.172800 
116134.887374 3.694164 0.736685 0.247756 
204902.646062 2.501176 0.848153 0.112870 
133655.249503 3.429882 0.790606 0.199774 
208055.234727 2.560776 0.844223 0.136255 
137889.173275 3.211374 0.770127 0.193326 
138147.129334 3.604466 0.779736 0.195485 
147348.430408 3.603355 0.769385 0.217109 
189268.266454 3.151711 0.790028 0.191325 
115114.895156 3.716162 0.708598 0.255049 
136989.332582 3.879690 0.709677 0.258569 
174486.244479 2.706884 0.737386 0.242349 
132835.949057 3.676572 0.675729 0.280771 
144319.921076 3.838185 0.693698 0.274328 
115752.638268 4.517270 0.677401 0.318644 
140951.496355 3.186191 0.683247 0.280150 

