-0.67657 0.00000 -0.11170 1.90042 
-0.67657 0.00000 -0.11170 1.90042 
-0.67657 0.00000 -0.11170 1.90042 
-0.67657 0.00000 -0.11170 1.90042 
-0.67657 0.00000 -0.11170 1.90042 
10.99393 0.00010 0.01323 -0.22517 
10.99393 0.00010 0.01323 -0.22517 
10.99393 0.00010 0.01323 -0.22517 
10.99393 0.00010 0.01323 -0.22517 
10.99393 0.00010 0.01323 -0.22517 
26.14131 0.00010 0.43685 -7.43236 
26.14131 0.00010 0.43685 -7.43236 
26.14131 0.00010 0.43685 -7.43236 
26.14131 0.00010 0.43685 -7.43236 
26.14131 0.00010 0.43685 -7.43236 
37.85223 0.00029 0.37608 -6.39839 
37.85223 0.00029 0.37608 -6.39839 
37.85223 0.00029 0.37608 -6.39839 
37.85223 0.00029 0.37608 -6.39839 
37.85223 0.00029 0.37608 -6.39839 
50.11500 0.00039 0.52844 -8.99052 
50.11500 0.00039 0.52844 -8.99052 
50.11500 0.00039 0.52844 -8.99052 
50.11500 0.00039 0.52844 -8.99052 
50.11500 0.00039 0.52844 -8.99052 

3.02512 0.00000 -0.43772 7.99399 
3.02512 0.00000 -0.43772 7.99399 
3.02512 0.00000 -0.43772 7.99399 
3.02512 0.00000 -0.43772 7.99399 
3.02512 0.00000 -0.43772 7.99399 
16.08022 0.00010 0.18638 -3.40371 
16.08022 0.00010 0.18638 -3.40371 
16.08022 0.00010 0.18638 -3.40371 
16.08022 0.00010 0.18638 -3.40371 
16.08022 0.00010 0.18638 -3.40371 
25.68535 0.00010 -0.16285 2.97415 
25.68535 0.00010 -0.16285 2.97415 
25.68535 0.00010 -0.16285 2.97415 
25.68535 0.00010 -0.16285 2.97415 
25.68535 0.00010 -0.16285 2.97415 
37.05885 0.00029 -0.38731 7.07324 
37.05885 0.00029 -0.38731 7.07324 
37.05885 0.00029 -0.38731 7.07324 
37.05885 0.00029 -0.38731 7.07324 
37.05885 0.00029 -0.38731 7.07324 
55.62081 0.00049 0.19924 -3.63871 
55.62081 0.00049 0.19924 -3.63871 
55.62081 0.00049 0.19924 -3.63871 
55.62081 0.00049 0.19924 -3.63871 
55.62081 0.00049 0.19924 -3.63871 

5.95052 0.00000 -0.29333 5.21140 
5.95052 0.00000 -0.29333 5.21140 
5.95052 0.00000 -0.29333 5.21140 
5.95052 0.00000 -0.29333 5.21140 
5.95052 0.00000 -0.29333 5.21140 
19.37632 0.00010 0.33167 -5.89262 
19.37632 0.00010 0.33167 -5.89262 
19.37632 0.00010 0.33167 -5.89262 
19.37632 0.00010 0.33167 -5.89262 
19.37632 0.00010 0.33167 -5.89262 
28.37716 0.00010 0.12844 -2.28198 
28.37716 0.00010 0.12844 -2.28198 
28.37716 0.00010 0.12844 -2.28198 
28.37716 0.00010 0.12844 -2.28198 
28.37716 0.00010 0.12844 -2.28198 
39.69172 0.00029 -0.26587 4.72348 
39.69172 0.00029 -0.26587 4.72348 
39.69172 0.00029 -0.26587 4.72348 
39.69172 0.00029 -0.26587 4.72348 
39.69172 0.00029 -0.26587 4.72348 
60.03967 0.00049 0.34456 -6.12157 
60.03967 0.00049 0.34456 -6.12157 
60.03967 0.00049 0.34456 -6.12157 
60.03967 0.00049 0.34456 -6.12157 
60.03967 0.00049 0.34456 -6.12157 

6.02904 0.00000 -0.21611 3.84261 
6.02904 0.00000 -0.21611 3.84261 
6.02904 0.00000 -0.21611 3.84261 
6.02904 0.00000 -0.21611 3.84261 
6.02904 0.00000 -0.21611 3.84261 
19.27671 0.00010 0.32722 -5.81839 
19.27671 0.00010 0.32722 -5.81839 
19.27671 0.00010 0.32722 -5.81839 
19.27671 0.00010 0.32722 -5.81839 
19.27671 0.00010 0.32722 -5.81839 
28.27003 0.00010 0.12400 -2.20490 
28.27003 0.00010 0.12400 -2.20490 
28.27003 0.00010 0.12400 -2.20490 
28.27003 0.00010 0.12400 -2.20490 
28.27003 0.00010 0.12400 -2.20490 
39.36645 0.00029 -0.08302 1.47619 
39.36645 0.00029 -0.08302 1.47619 
39.36645 0.00029 -0.08302 1.47619 
39.36645 0.00029 -0.08302 1.47619 
39.36645 0.00029 -0.08302 1.47619 
54.25880 0.00049 0.30789 -5.47469 
54.25880 0.00049 0.30789 -5.47469 
54.25880 0.00049 0.30789 -5.47469 
54.25880 0.00049 0.30789 -5.47469 
54.25880 0.00049 0.30789 -5.47469 

5.68573 0.00000 -0.42249 7.69319 
5.68573 0.00000 -0.42249 7.69319 
5.68573 0.00000 -0.42249 7.69319 
5.68573 0.00000 -0.42249 7.69319 
5.68573 0.00000 -0.42249 7.69319 
19.07798 0.00010 0.20170 -3.67276 
19.07798 0.00010 0.20170 -3.67276 
19.07798 0.00010 0.20170 -3.67276 
19.07798 0.00010 0.20170 -3.67276 
19.07798 0.00010 0.20170 -3.67276 
28.93116 0.00010 -0.14758 2.68734 
28.93116 0.00010 -0.14758 2.68734 
28.93116 0.00010 -0.14758 2.68734 
28.93116 0.00010 -0.14758 2.68734 
28.93116 0.00010 -0.14758 2.68734 
39.34260 0.00029 -0.39507 7.19376 
39.34260 0.00029 -0.39507 7.19376 
39.34260 0.00029 -0.39507 7.19376 
39.34260 0.00029 -0.39507 7.19376 
39.34260 0.00029 -0.39507 7.19376 
47.18611 0.00049 -0.15159 2.76033 
47.18611 0.00049 -0.15159 2.76033 
47.18611 0.00049 -0.15159 2.76033 
47.18611 0.00049 -0.15159 2.76033 
47.18611 0.00049 -0.15159 2.76033 

