16.27199 0.17455 -0.10833 -3.05339 
16.27199 0.17455 -0.10833 -3.05339 
16.18641 0.26060 0.00924 -6.11567 
16.18641 0.26060 0.00924 -6.11567 
16.18641 0.26060 0.00924 -6.11567 
17.45324 -6.52336 -0.49416 15.21724 
16.99902 -6.27913 -1.40985 19.90302 
15.80560 -6.49151 -2.65753 18.55839 
15.80560 -6.49151 -2.65753 18.55839 
15.80560 -6.49151 -2.65753 18.55839 
25.70259 -10.37445 -0.76966 33.56780 
21.75202 -7.63507 -2.47613 8.87421 
25.49082 -4.45449 -1.48398 12.74646 
25.49082 -4.45449 -1.48398 12.74646 
25.49082 -4.45449 -1.48398 12.74646 
40.92146 3.35697 -1.20498 22.13400 
40.92146 3.35697 -1.20498 22.13400 
39.24092 -0.12981 -1.23727 30.71335 
38.17094 -0.83142 -1.24003 27.19812 
38.17094 -0.83142 -1.24003 27.19812 
36.22938 -8.78780 -1.69787 35.79346 
36.22938 -8.78780 -1.69787 35.79346 
36.22938 -8.78780 -1.69787 35.79346 
34.12029 -9.89647 -1.60410 27.80205 
35.80793 -9.28601 -1.66760 23.41469 

4.48387 11.96266 0.67981 -1.08889 
4.75414 14.47909 -0.17570 -5.36149 
4.75414 14.47909 -0.17570 -5.36149 
4.75414 14.47909 -0.17570 -5.36149 
4.75414 14.47909 -0.17570 -5.36149 
6.44013 19.69026 -0.08503 13.12723 
6.66651 20.17850 0.36160 8.35824 
6.43865 15.99400 -1.63445 0.23568 
6.61069 16.13777 -1.57404 0.75972 
6.61662 21.37042 -2.07977 4.54647 
10.39243 14.02795 -1.63553 12.36224 
10.09112 14.77869 -1.34432 26.19916 
8.61007 9.29944 -1.96491 25.91608 
8.90699 8.18057 -2.38377 32.20846 
10.38318 10.16548 -1.36688 22.25836 
9.40350 21.64109 -4.22863 50.47729 
9.40350 21.64109 -4.22863 50.47729 
9.40350 21.64109 -4.22863 50.47729 
9.40350 21.64109 -4.22863 50.47729 
9.05591 22.67955 -5.07014 39.67399 
-0.72116 40.03756 -5.12633 34.45733 
3.94949 31.22246 -8.02310 91.80634 
3.83340 30.81504 -7.28917 81.63109 
3.83340 30.81504 -7.28917 81.63109 
3.83340 30.81504 -7.28917 81.63109 

2.51411 -8.92472 -0.13027 2.58560 
2.47276 -7.07701 -0.01330 -3.86421 
1.71757 -7.14834 -0.68367 8.96882 
2.13713 -7.23367 -0.12246 7.37793 
2.13713 -7.23367 -0.12246 7.37793 
4.79957 -2.62822 -0.72181 9.65889 
4.10110 -2.47302 -2.04584 11.77171 
3.52128 -0.12285 -1.89094 11.87980 
3.30086 1.82442 -2.80327 26.06896 
3.35678 3.04120 -3.28521 31.70095 
2.76646 6.37490 -5.25838 45.89011 
3.01090 10.17659 -4.45082 33.24926 
1.73258 9.18693 -5.73658 45.61386 
3.28617 3.34142 -4.39233 38.52092 
2.94261 2.66639 -5.40250 43.59386 
2.80939 3.79275 -9.16042 76.45986 
2.84777 4.04320 -9.64873 83.37155 
3.50452 3.79215 -8.92373 81.31988 
2.75467 5.83692 -8.15959 82.52096 
1.66677 5.11530 -9.06104 82.58866 
1.83242 -2.14843 -12.05438 107.02961 
1.07874 0.32862 -11.73568 107.69676 
1.07874 0.32862 -11.73568 107.69676 
1.22404 1.25446 -11.13326 110.02577 
2.82440 0.93052 -12.57436 108.51240 

19.84853 0.20093 3.82345 -30.20975 
21.23531 -1.92152 4.21581 -25.35282 
21.18605 1.17733 4.09491 -29.41869 
21.18605 1.17733 4.09491 -29.41869 
21.18605 1.17733 4.09491 -29.41869 
19.67222 -0.19669 3.91712 -22.97245 
19.62299 -1.17911 1.18000 -18.71994 
18.71307 -1.81249 2.37349 -15.59516 
19.30295 1.37393 2.12169 -16.69059 
19.30295 1.37393 2.12169 -16.69059 
21.73362 -5.71991 -1.06783 8.02119 
18.55764 0.96803 -1.95821 5.50443 
20.73995 0.35824 -1.90701 4.80238 
20.04474 -0.24002 -1.39480 2.32869 
19.35088 -1.52997 -0.72771 0.46660 
18.26124 -5.76256 -5.51403 22.65085 
18.25787 -5.65045 -7.28001 29.33039 
20.23326 -3.98081 -2.91049 13.79840 
20.23326 -3.98081 -2.91049 13.79840 
20.48964 -3.80390 -3.45622 15.44011 
18.29782 5.46374 -7.85948 47.96204 
18.29782 5.46374 -7.85948 47.96204 
18.99761 6.34871 -5.41070 38.98540 
17.81251 6.42931 -7.80863 41.33849 
18.13950 5.67141 -6.97596 47.86298 

0.81883 -11.79238 -0.52206 10.21456 
1.57105 -21.57592 -1.59852 16.91208 
1.46679 -21.52651 -2.13504 18.97196 
1.30727 -21.80045 -1.83933 15.47567 
1.30727 -21.80045 -1.83933 15.47567 
-0.79742 5.89978 -1.78590 21.73740 
-0.39568 -6.48154 -3.13815 26.94980 
-3.42023 -6.12050 -2.07866 23.20990 
-0.71561 -6.21096 -3.27313 32.42565 
-0.55527 -6.21667 -2.97468 33.75108 
5.15616 -15.49367 -4.47433 38.24166 
3.99087 -23.03546 -6.05747 53.24816 
3.08510 -18.17112 -8.10503 63.70362 
3.72417 -16.64537 -5.45886 48.14945 
5.11647 -19.29666 -4.33217 46.97109 
1.35369 0.87241 -8.02130 75.78407 
1.35369 0.87241 -8.02130 75.78407 
1.46888 0.85422 -7.96959 75.03068 
1.30332 -0.99052 -6.54774 56.47647 
1.71847 -1.38622 -7.91981 70.18099 
2.29404 -15.32680 -13.22022 106.04519 
5.34914 -10.78908 -9.03933 84.45575 
5.34914 -10.78908 -9.03933 84.45575 
5.21030 -5.28569 -9.08956 77.52274 
5.21030 -5.28569 -9.08956 77.52274 

