51.56151 0.57995 0.43193 -2.11361 
48.77650 0.60638 0.21183 0.97429 
48.77650 0.60638 0.21183 0.97429 
48.77650 0.60638 0.21183 0.97429 
48.77650 0.60638 0.21183 0.97429 
62.25229 0.86826 0.65002 -7.00097 
55.31480 0.88793 0.33646 -4.55928 
55.31480 0.88793 0.33646 -4.55928 
55.31480 0.88793 0.33646 -4.55928 
55.31480 0.88793 0.33646 -4.55928 
82.14183 0.95225 1.42287 -15.04583 
88.35476 1.41824 0.46744 -5.46995 
82.68744 1.32240 0.37174 -5.48585 
86.55028 1.35314 0.19464 -3.65856 
86.55028 1.35314 0.19464 -3.65856 
78.79170 1.30821 0.27370 -8.61750 
91.30185 1.72320 0.50742 -6.43032 
91.30185 1.72320 0.50742 -6.43032 
91.30185 1.72320 0.50742 -6.43032 
91.30185 1.72320 0.50742 -6.43032 
94.96047 2.00827 0.45471 -1.06178 
101.07997 2.58470 -0.27805 -7.58356 
103.36925 2.69101 0.15980 -1.91478 
96.11973 2.81025 -0.42735 0.10936 
99.09533 2.89503 0.00838 -2.27666 

53.48906 1.20876 0.32653 -2.47743 
57.73364 1.32162 0.41597 -7.28085 
57.73364 1.32162 0.41597 -7.28085 
57.73364 1.32162 0.41597 -7.28085 
57.73364 1.32162 0.41597 -7.28085 
70.54639 1.35481 0.95307 -7.41287 
74.31846 1.36900 0.36761 -9.05931 
59.32154 1.47305 0.03347 -6.73333 
58.05688 1.27532 -0.08743 -1.45811 
51.29150 1.11039 -0.67568 1.30279 
62.06529 1.26994 -0.70926 -1.20959 
77.02723 1.72706 -0.27325 0.78051 
85.34460 2.19426 0.29653 -2.21144 
83.85926 1.87427 0.08754 -5.26939 
89.23518 2.10548 0.15067 -0.81740 
85.86654 1.66206 0.99549 -7.98369 
95.59606 2.83892 0.13981 -4.27337 
82.06487 2.34030 -0.42426 -0.56499 
80.33688 2.60057 -0.76780 0.28347 
80.33688 2.60057 -0.76780 0.28347 
110.31219 3.37600 0.08955 -4.96457 
106.88468 3.65096 0.73512 -8.19144 
111.02102 3.99590 -0.00560 -1.57072 
105.96907 3.87286 -0.27146 0.13785 
100.75085 4.38714 -0.35441 -1.33385 

47.42422 1.53490 0.01907 -2.01434 
47.57069 1.50752 -0.40262 1.68182 
47.03316 1.49403 -0.44322 2.64478 
47.05000 1.49824 -0.45275 2.51600 
47.05000 1.49824 -0.45275 2.51600 
51.28904 1.45013 -0.47137 1.59917 
69.29575 2.45700 0.01548 -3.47320 
69.48036 2.11094 0.03723 -2.73127 
69.48036 2.11094 0.03723 -2.73127 
69.48036 2.11094 0.03723 -2.73127 
53.01163 1.42724 -0.13447 -0.62660 
72.13724 2.39217 -0.33398 1.20514 
71.38417 2.71114 -0.27937 1.25320 
68.32292 2.65834 -0.53630 2.08353 
70.51186 2.75319 -0.12224 1.28779 
69.21571 1.93190 0.27522 0.42286 
91.73153 3.25960 0.40318 -4.84748 
86.74545 3.99679 0.57926 -6.26021 
84.21679 3.74735 0.05237 -0.14031 
84.13586 7.42898 0.14030 3.13107 
93.39431 5.00533 0.69197 -6.51969 
86.93813 6.50415 -0.29821 3.97294 
87.96004 5.04796 0.06359 -0.53434 
93.72923 5.04826 0.38479 -3.33865 
94.08710 5.09725 0.51376 -3.95756 

37.83728 1.44898 -0.14079 0.38619 
37.67719 4.87759 0.23148 -2.61879 
46.13508 2.92735 0.74711 -6.25973 
45.09964 4.54651 0.44681 -3.26436 
44.19300 3.74406 0.31095 -4.06363 
40.24335 1.61603 0.50420 -3.65823 
47.99047 2.36215 0.16994 -2.63992 
49.74634 2.58437 0.16265 -2.86664 
49.78699 2.34848 0.33718 -3.87150 
51.37248 2.54863 0.52270 -6.14253 
41.34594 1.52699 -0.06849 0.48034 
55.48386 2.44778 0.45006 -3.41999 
54.74854 4.59865 0.29604 -3.33160 
58.42469 3.42655 0.51418 -5.87162 
61.57151 3.97125 0.72368 -7.43367 
50.77224 2.63933 0.75047 -4.99548 
54.41289 2.98945 0.38482 -2.43434 
62.02027 3.94548 0.20188 -1.86370 
60.46596 5.87169 -0.12689 2.95886 
64.21770 4.32723 0.13978 -2.39399 
61.89907 5.34691 0.24661 -0.55142 
61.61294 5.68648 -0.08945 -0.28436 
67.00520 6.06823 0.05818 -1.09516 
64.62529 7.71004 0.34604 -3.07799 
66.10094 6.07077 0.27665 -3.17405 

26.54201 1.57711 0.32926 -4.50125 
30.31926 3.61720 0.57766 -6.53203 
31.25100 5.08431 0.10230 -1.45881 
32.65250 2.38139 0.33297 -4.84592 
32.70844 2.38003 0.34116 -4.87759 
27.82980 1.46224 0.28041 -4.34475 
35.51132 2.04476 0.66762 -6.25070 
37.15204 2.81672 0.72264 -7.85855 
35.68790 2.66710 0.26985 -4.43231 
37.62511 2.91835 0.67817 -7.60890 
31.79762 1.42914 0.99440 -9.47013 
38.06152 2.10035 0.21258 -3.41320 
40.87402 4.07541 0.56890 -5.38995 
40.70673 4.01077 -0.06401 -1.10668 
40.51854 3.30248 0.08636 -2.52823 
37.36038 3.28642 -0.10556 -1.01725 
39.82530 3.49484 -0.24279 0.39311 
42.63395 3.61175 0.59125 -6.38857 
41.26190 3.25819 0.49366 -6.09979 
42.40335 5.15362 0.28086 -3.67776 
36.31883 6.64896 -0.03762 0.95018 
39.00789 5.89024 0.38777 -4.94839 
41.59679 6.68722 0.23998 -3.32377 
40.82357 7.30362 0.43156 -5.36200 
40.93979 6.41280 0.31320 -4.24414 

