2.22784 1.05445 -0.01566 3.23673 
14.19667 2.25640 0.08469 -0.19040 
14.19667 2.25640 0.08469 -0.19040 
14.19667 2.25640 0.08469 -0.19040 
14.19667 2.25640 0.08469 -0.19040 
12.08499 2.89750 -0.11016 26.35921 
14.58124 3.71793 -0.28964 32.95959 
14.19769 3.65696 -0.22628 38.41760 
14.19769 3.65696 -0.22628 38.41760 
14.19769 3.65696 -0.22628 38.41760 
17.72678 3.02303 -0.05376 3.76560 
19.48621 4.34962 -0.02658 13.87772 
28.03865 5.42380 -0.12875 1.84049 
28.31782 5.61030 0.04760 1.79818 
28.31782 5.61030 0.04760 1.79818 
28.51932 5.75825 0.04841 6.02919 
28.51932 5.75825 0.04841 6.02919 
28.51932 5.75825 0.04841 6.02919 
28.51932 5.75825 0.04841 6.02919 
24.79011 5.90036 -0.06488 15.67590 
24.92746 6.73066 -0.32542 28.53818 
24.92746 6.73066 -0.32542 28.53818 
24.92746 6.73066 -0.32542 28.53818 
24.92746 6.73066 -0.32542 28.53818 
24.92746 6.73066 -0.32542 28.53818 

0.00000 0.00000 0.00000 0.00000 
0.00000 0.00000 0.00000 0.00000 
0.00000 0.00000 0.00000 0.00000 
0.00000 0.00000 0.00000 0.00000 
0.00000 0.00000 0.00000 0.00000 
47.45901 0.16154 0.15516 -35.33582 
47.45901 0.16154 0.15516 -35.33582 
47.45901 0.16154 0.15516 -35.33582 
47.45901 0.16154 0.15516 -35.33582 
47.45901 0.16154 0.15516 -35.33582 
41.72718 0.40492 0.20783 -19.17910 
41.72718 0.40492 0.20783 -19.17910 
41.72718 0.40492 0.20783 -19.17910 
41.72718 0.40492 0.20783 -19.17910 
41.72718 0.40492 0.20783 -19.17910 
39.30167 0.83872 0.15587 -14.38433 
39.30167 0.83872 0.15587 -14.38433 
39.30167 0.83872 0.15587 -14.38433 
39.30167 0.83872 0.15587 -14.38433 
39.30167 0.83872 0.15587 -14.38433 
31.49105 1.69461 -0.28718 26.49254 
31.49105 1.69461 -0.28718 26.49254 
25.29392 1.90578 -0.67473 32.07090 
25.29392 1.90578 -0.67473 32.07090 
25.29392 1.90578 -0.67473 32.07090 

0.00000 0.00000 0.00000 0.00000 
0.00000 0.00000 0.00000 0.00000 
0.00000 0.00000 0.00000 0.00000 
0.00000 0.00000 0.00000 0.00000 
0.00000 0.00000 0.00000 0.00000 
16.73969 0.20683 0.32349 12.58682 
16.73969 0.20683 0.32349 12.58682 
16.73969 0.20683 0.32349 12.58682 
16.73969 0.20683 0.32349 12.58682 
16.73969 0.20683 0.32349 12.58682 
35.08324 0.21409 0.41638 2.94675 
35.08324 0.21409 0.41638 2.94675 
35.08324 0.21409 0.41638 2.94675 
35.08324 0.21409 0.41638 2.94675 
35.08324 0.21409 0.41638 2.94675 
24.74963 0.62451 0.15728 17.49105 
24.74963 0.62451 0.15728 17.49105 
24.74963 0.62451 0.15728 17.49105 
24.74963 0.62451 0.15728 17.49105 
24.74963 0.62451 0.15728 17.49105 
41.15919 0.70556 -0.39630 24.85792 
36.19108 0.77854 -0.59375 34.77163 
36.19108 0.77854 -0.59375 34.77163 
36.19108 0.77854 -0.59375 34.77163 
36.19108 0.77854 -0.59375 34.77163 

14.88734 0.03169 0.21022 -12.68263 
14.88734 0.03169 0.21022 -12.68263 
14.88734 0.03169 0.21022 -12.68263 
14.88734 0.03169 0.21022 -12.68263 
14.88734 0.03169 0.21022 -12.68263 
26.87256 0.28217 0.24702 -14.90485 
26.87256 0.28217 0.24702 -14.90485 
26.87256 0.28217 0.24702 -14.90485 
26.87256 0.28217 0.24702 -14.90485 
26.87256 0.28217 0.24702 -14.90485 
59.02106 0.29314 0.36830 -22.23450 
59.02106 0.29314 0.36830 -22.23450 
59.02106 0.29314 0.36830 -22.23450 
59.02106 0.29314 0.36830 -22.23450 
59.02106 0.29314 0.36830 -22.23450 
51.24028 0.52070 0.05855 -3.52363 
51.24028 0.52070 0.05855 -3.52363 
51.24028 0.52070 0.05855 -3.52363 
51.24028 0.52070 0.05855 -3.52363 
51.24028 0.52070 0.05855 -3.52363 
72.94188 0.49998 0.54711 -33.02640 
72.94188 0.49998 0.54711 -33.02640 
72.94188 0.49998 0.54711 -33.02640 
72.94188 0.49998 0.54711 -33.02640 
72.94188 0.49998 0.54711 -33.02640 

0.00000 0.00000 0.00000 0.00000 
0.00000 0.00000 0.00000 0.00000 
0.00000 0.00000 0.00000 0.00000 
0.00000 0.00000 0.00000 0.00000 
0.00000 0.00000 0.00000 0.00000 
-2.93227 0.21214 -1.75579 12.57862 
-2.93227 0.21214 -1.75579 12.57862 
-2.93227 0.21214 -1.75579 12.57862 
-2.93227 0.21214 -1.75579 12.57862 
-2.93227 0.21214 -1.75579 12.57862 
22.35041 0.23313 -1.68619 7.16170 
22.35041 0.23313 -1.68619 7.16170 
22.35041 0.23313 -1.68619 7.16170 
22.35041 0.23313 -1.68619 7.16170 
22.35041 0.23313 -1.68619 7.16170 
28.56410 0.24470 -1.38685 -14.74944 
28.56410 0.24470 -1.38685 -14.74944 
28.56410 0.24470 -1.38685 -14.74944 
28.56410 0.24470 -1.38685 -14.74944 
28.56410 0.24470 -1.38685 -14.74944 
24.57202 0.41222 -0.16874 -2.02881 
24.57202 0.41222 -0.16874 -2.02881 
24.57202 0.41222 -0.16874 -2.02881 
24.57202 0.41222 -0.16874 -2.02881 
24.57202 0.41222 -0.16874 -2.02881 

