659469.395515 1.020015 0.943431 0.056569 
659469.395515 1.020015 0.943431 0.056569 
659469.395515 1.020015 0.943431 0.056569 
659469.395515 1.020015 0.943431 0.056569 
659469.395515 1.020015 0.943431 0.056569 
736957.024988 1.020016 0.944611 0.055389 
736957.024988 1.020016 0.944611 0.055389 
736957.024988 1.020016 0.944611 0.055389 
736957.024988 1.020016 0.944611 0.055389 
736957.024988 1.020016 0.944611 0.055389 
835417.890427 1.020016 0.949615 0.050385 
837529.783512 1.020016 0.948612 0.051388 
837529.783512 1.020016 0.948612 0.051388 
837529.783512 1.020016 0.948612 0.051388 
837529.783512 1.020016 0.948612 0.051388 
915285.757373 1.020018 0.948038 0.051962 
915285.757373 1.020018 0.948038 0.051962 
915285.757373 1.020018 0.948038 0.051962 
915285.757373 1.020018 0.948038 0.051962 
915285.757373 1.020018 0.948038 0.051962 
996705.866795 1.020019 0.949477 0.050523 
996705.866795 1.020019 0.949477 0.050523 
996705.866795 1.020019 0.949477 0.050523 
996705.866795 1.020019 0.949477 0.050523 
996705.866795 1.020019 0.949477 0.050523 

670157.501983 1.020015 0.943936 0.056064 
670157.501983 1.020015 0.943936 0.056064 
670157.501983 1.020015 0.943936 0.056064 
670157.501983 1.020015 0.943936 0.056064 
670157.501983 1.020015 0.943936 0.056064 
745305.515166 1.020016 0.946411 0.053589 
755078.260656 1.020016 0.949853 0.050147 
740815.787366 1.020016 0.949266 0.050734 
755342.288508 1.020016 0.949869 0.050131 
745305.515166 1.020016 0.946411 0.053589 
817557.671808 1.020016 0.946542 0.053458 
817557.671808 1.020016 0.946542 0.053458 
817557.671808 1.020016 0.946542 0.053458 
817557.671808 1.020016 0.946542 0.053458 
817557.671808 1.020016 0.946542 0.053458 
891540.030670 1.020018 0.944414 0.055586 
855565.377275 1.020018 0.944380 0.055620 
891540.030670 1.020018 0.944414 0.055586 
891540.030670 1.020018 0.944414 0.055586 
891540.030670 1.020018 0.944414 0.055586 
1012281.759192 1.020020 0.949975 0.050025 
1012281.759192 1.020020 0.949975 0.050025 
980577.057740 1.020020 0.950608 0.049392 
1012281.759192 1.020020 0.949975 0.050025 
970013.625390 1.020020 0.949859 0.050141 

670157.480287 1.020015 0.943936 0.056064 
670157.480287 1.020015 0.943936 0.056064 
670157.480287 1.020015 0.943936 0.056064 
670157.480287 1.020015 0.943936 0.056064 
670157.480287 1.020015 0.943936 0.056064 
762473.260533 1.020016 0.948153 0.051847 
755078.236216 1.020016 0.949853 0.050147 
738174.004114 1.020016 0.945297 0.054703 
755342.264059 1.020016 0.949869 0.050131 
755078.236216 1.020016 0.949853 0.050147 
807385.958420 1.020016 0.946789 0.053211 
812010.254438 1.020016 0.947929 0.052071 
812010.254438 1.020016 0.947929 0.052071 
807385.958420 1.020016 0.946789 0.053211 
840910.190582 1.020016 0.948460 0.051540 
883577.030437 1.020018 0.944196 0.055804 
883577.030437 1.020018 0.944196 0.055804 
883577.030437 1.020018 0.944196 0.055804 
883577.030437 1.020018 0.944196 0.055804 
883577.030437 1.020018 0.944196 0.055804 
980046.478187 1.020020 0.951306 0.048694 
1012281.759192 1.020020 0.949975 0.050025 
1012281.759192 1.020020 0.949975 0.050025 
980577.057740 1.020020 0.950608 0.049392 
986119.827843 1.020020 0.948241 0.051759 

661393.550898 1.020015 0.948173 0.051827 
661393.550898 1.020015 0.948173 0.051827 
671214.205934 1.020015 0.944709 0.055291 
671214.205934 1.020015 0.944709 0.055291 
671214.205934 1.020015 0.944709 0.055291 
755078.260656 1.020016 0.949853 0.050147 
755078.260656 1.020016 0.949853 0.050147 
755078.260656 1.020016 0.949853 0.050147 
755078.260656 1.020016 0.949853 0.050147 
755078.260656 1.020016 0.949853 0.050147 
812010.254438 1.020016 0.947929 0.052071 
812010.254438 1.020016 0.947929 0.052071 
811746.081623 1.020016 0.947625 0.052375 
812274.427252 1.020016 0.948234 0.051766 
812010.254438 1.020016 0.947929 0.052071 
882255.859586 1.020018 0.945969 0.054031 
882255.859586 1.020018 0.945969 0.054031 
882255.859586 1.020018 0.945969 0.054031 
882255.859586 1.020018 0.945969 0.054031 
882255.859586 1.020018 0.945969 0.054031 
976531.558008 1.020020 0.949670 0.050330 
1000906.591090 1.020020 0.952263 0.047737 
976531.558008 1.020020 0.949670 0.050330 
976531.558008 1.020020 0.949670 0.050330 
976531.558008 1.020020 0.949670 0.050330 

670157.501983 1.020015 0.943936 0.056064 
670157.501983 1.020015 0.943936 0.056064 
670157.501983 1.020015 0.943936 0.056064 
670157.501983 1.020015 0.943936 0.056064 
670157.501983 1.020015 0.943936 0.056064 
755078.260656 1.020016 0.949853 0.050147 
755078.260656 1.020016 0.949853 0.050147 
748211.914095 1.020016 0.949735 0.050265 
755078.260656 1.020016 0.949853 0.050147 
755078.260656 1.020016 0.949853 0.050147 
817557.671808 1.020016 0.946542 0.053458 
817557.671808 1.020016 0.946542 0.053458 
817557.671808 1.020016 0.946542 0.053458 
817557.671808 1.020016 0.946542 0.053458 
817557.671808 1.020016 0.946542 0.053458 
883577.059041 1.020018 0.944196 0.055804 
883577.059041 1.020018 0.944196 0.055804 
883577.059041 1.020018 0.944196 0.055804 
883577.059041 1.020018 0.944196 0.055804 
883253.904421 1.020018 0.944708 0.055292 
933313.047371 1.020020 0.946504 0.053496 
933313.047371 1.020020 0.946504 0.053496 
933313.047371 1.020020 0.946504 0.053496 
933313.047371 1.020020 0.946504 0.053496 
933313.047371 1.020020 0.946504 0.053496 

