663961.534094 1.020015 0.944486 0.055514 
663961.534094 1.020015 0.944486 0.055514 
663961.534094 1.020015 0.944486 0.055514 
663961.534094 1.020015 0.944486 0.055514 
663961.534094 1.020015 0.944486 0.055514 
663961.534094 1.020015 0.944486 0.055514 
663961.534094 1.020015 0.944486 0.055514 
663961.534094 1.020015 0.944486 0.055514 
663961.534094 1.020015 0.944486 0.055514 
663961.534094 1.020015 0.944486 0.055514 
663961.534094 1.020015 0.944486 0.055514 
663961.534094 1.020015 0.944486 0.055514 
663961.534094 1.020015 0.944486 0.055514 
663961.534094 1.020015 0.944486 0.055514 
664846.754257 1.020015 0.946316 0.053684 
663961.534094 1.020015 0.944486 0.055514 
663961.534094 1.020015 0.944486 0.055514 
663961.534094 1.020015 0.944486 0.055514 
663961.534094 1.020015 0.944486 0.055514 
663961.534094 1.020015 0.944486 0.055514 
663961.534094 1.020015 0.944486 0.055514 
663961.534094 1.020015 0.944486 0.055514 
663961.534094 1.020015 0.944486 0.055514 
663961.534094 1.020015 0.944486 0.055514 
663961.534094 1.020015 0.944486 0.055514 

650479.703340 1.020015 0.948086 0.051914 
650479.703340 1.020015 0.948086 0.051914 
658931.747029 1.020015 0.948353 0.051647 
650479.703340 1.020015 0.948086 0.051914 
650479.703340 1.020015 0.948086 0.051914 
650479.703340 1.020015 0.948086 0.051914 
650479.703340 1.020015 0.948086 0.051914 
650479.703340 1.020015 0.948086 0.051914 
650479.703340 1.020015 0.948086 0.051914 
650479.703340 1.020015 0.948086 0.051914 
650479.703340 1.020015 0.948086 0.051914 
650479.703340 1.020015 0.948086 0.051914 
650479.703340 1.020015 0.948086 0.051914 
650479.703340 1.020015 0.948086 0.051914 
650479.703340 1.020015 0.948086 0.051914 
650479.703340 1.020015 0.948086 0.051914 
650479.703340 1.020015 0.948086 0.051914 
650479.703340 1.020015 0.948086 0.051914 
650479.703340 1.020015 0.948086 0.051914 
650479.703340 1.020015 0.948086 0.051914 
650479.703340 1.020015 0.948086 0.051914 
650479.703340 1.020015 0.948086 0.051914 
624664.245202 1.020015 0.946457 0.053543 
650479.703340 1.020015 0.948086 0.051914 
649423.208543 1.020015 0.947289 0.052711 

632519.271319 1.020015 0.946713 0.053287 
632519.271319 1.020015 0.946713 0.053287 
632519.271319 1.020015 0.946713 0.053287 
625867.419635 1.020015 0.943204 0.056796 
632519.271319 1.020015 0.946713 0.053287 
632519.271319 1.020015 0.946713 0.053287 
625867.419635 1.020015 0.943204 0.056796 
628821.967079 1.020015 0.944943 0.055057 
636217.002988 1.020015 0.947002 0.052998 
632519.271319 1.020015 0.946713 0.053287 
632519.271319 1.020015 0.946713 0.053287 
628821.967079 1.020015 0.944943 0.055057 
632519.271319 1.020015 0.946713 0.053287 
632519.271319 1.020015 0.946713 0.053287 
632519.271319 1.020015 0.946713 0.053287 
632519.271319 1.020015 0.946713 0.053287 
632519.271319 1.020015 0.946713 0.053287 
632519.271319 1.020015 0.946713 0.053287 
632519.271319 1.020015 0.946713 0.053287 
632519.271319 1.020015 0.946713 0.053287 
632519.271319 1.020015 0.946713 0.053287 
632519.271319 1.020015 0.946713 0.053287 
632519.271319 1.020015 0.946713 0.053287 
632519.271319 1.020015 0.946713 0.053287 
632519.271319 1.020015 0.946713 0.053287 

633047.539191 1.020015 0.946755 0.053245 
633047.539191 1.020015 0.946755 0.053245 
633047.539191 1.020015 0.946755 0.053245 
633047.539191 1.020015 0.946755 0.053245 
633047.539191 1.020015 0.946755 0.053245 
633047.539191 1.020015 0.946755 0.053245 
633047.539191 1.020015 0.946755 0.053245 
633047.539191 1.020015 0.946755 0.053245 
633047.539191 1.020015 0.946755 0.053245 
620749.136477 1.020015 0.942406 0.057594 
633047.539191 1.020015 0.946755 0.053245 
633047.539191 1.020015 0.946755 0.053245 
633047.539191 1.020015 0.946755 0.053245 
633047.539191 1.020015 0.946755 0.053245 
633047.539191 1.020015 0.946755 0.053245 
628821.967079 1.020015 0.944943 0.055057 
633047.539191 1.020015 0.946755 0.053245 
633047.539191 1.020015 0.946755 0.053245 
633047.539191 1.020015 0.946755 0.053245 
633047.539191 1.020015 0.946755 0.053245 
633047.539191 1.020015 0.946755 0.053245 
633047.539191 1.020015 0.946755 0.053245 
620749.136477 1.020015 0.942406 0.057594 
635688.776183 1.020015 0.949166 0.050834 
633047.539191 1.020015 0.946755 0.053245 

636217.023582 1.020015 0.948470 0.051530 
634104.033988 1.020015 0.947941 0.052059 
634104.033988 1.020015 0.947941 0.052059 
636217.023582 1.020015 0.948470 0.051530 
634104.033988 1.020015 0.947941 0.052059 
634104.033988 1.020015 0.947941 0.052059 
634104.033988 1.020015 0.947941 0.052059 
634104.033988 1.020015 0.947941 0.052059 
625867.439900 1.020015 0.943204 0.056796 
634104.033988 1.020015 0.947941 0.052059 
634104.033988 1.020015 0.947941 0.052059 
634104.033988 1.020015 0.947941 0.052059 
634104.033988 1.020015 0.947941 0.052059 
634104.033988 1.020015 0.947941 0.052059 
629731.114117 1.020015 0.944639 0.055361 
634104.033988 1.020015 0.947941 0.052059 
634104.033988 1.020015 0.947941 0.052059 
634104.033988 1.020015 0.947941 0.052059 
625867.439900 1.020015 0.943204 0.056796 
634104.033988 1.020015 0.947941 0.052059 
634104.033988 1.020015 0.947941 0.052059 
634104.033988 1.020015 0.947941 0.052059 
634104.033988 1.020015 0.947941 0.052059 
633999.272485 1.020015 0.947941 0.052059 
634104.033988 1.020015 0.947941 0.052059 

