13.25221 2.65448 0.36898 -7.02189 
13.86766 3.90834 0.20688 -2.60854 
14.19311 2.32669 -0.01489 0.64944 
13.75821 5.09533 0.25943 -5.32472 
14.25464 7.45335 0.17221 -2.96735 
13.67288 0.19738 0.44099 -7.29817 
15.14321 1.36063 0.02032 -0.14711 
15.74718 4.11043 0.04765 -0.63509 
15.70462 4.64242 -0.12838 2.78794 
15.77095 5.18489 -0.11424 0.58127 
13.64093 3.16302 -0.06924 2.50807 
17.56987 2.65332 0.18540 -3.42304 
19.02354 3.75123 0.55959 -10.22964 
19.01985 2.66966 0.40908 -6.62361 
19.47421 5.08514 0.43748 -5.83423 
19.45231 7.17784 0.19731 -2.82382 
19.50422 6.17738 0.05478 -1.27018 
18.57041 12.97371 0.33208 -0.72121 
18.95729 7.97678 0.22528 -0.90061 
18.76351 9.34453 0.22326 -2.49372 
19.36361 17.95209 0.08190 0.92214 
18.70966 12.70627 0.08041 2.59778 
18.70966 12.70627 0.08041 2.59778 
18.70966 12.70627 0.08041 2.59778 
18.70966 12.70627 0.08041 2.59778 

6.03435 1.95225 -0.31600 6.89489 
6.64737 4.07834 -0.04399 1.18255 
6.63140 1.93741 -0.22251 4.21711 
7.29053 1.85280 -0.13389 1.93217 
6.96028 3.04474 -0.29199 3.82827 
1.79480 1.96044 -0.40515 8.78698 
8.30001 2.04794 -0.33493 7.07127 
8.89681 3.98786 -0.39204 7.98926 
8.52959 6.33636 -0.52487 11.05989 
4.58389 9.18933 -0.63316 18.51199 
7.47854 2.26842 -0.47939 10.90756 
9.17629 4.71705 -0.29294 4.70216 
9.37705 6.60213 -0.32139 7.31981 
10.10217 7.94767 -0.32213 7.31580 
10.44803 6.28403 -0.62798 10.29023 
8.95200 9.41772 -0.97930 20.16355 
8.01051 11.68903 -0.49663 17.36150 
11.28969 9.15069 -0.37861 5.68829 
10.67458 10.08726 -0.46617 15.97050 
11.19357 10.68800 -0.31071 8.08146 
11.79844 13.50425 -0.25984 3.67995 
11.79844 13.50425 -0.25984 3.67995 
11.79844 13.50425 -0.25984 3.67995 
11.75128 9.87930 -0.28649 7.58438 
11.19718 11.59199 -0.34931 8.60659 

9.32606 0.84224 -0.20051 0.42621 
10.07024 2.19491 -0.18400 0.04947 
7.75641 7.44182 -0.47312 6.71665 
10.77561 3.27564 -0.24201 1.84565 
10.38960 8.03704 -0.29844 1.30908 
12.39760 0.08164 0.12408 -4.58178 
12.96251 1.66839 -0.46169 3.72936 
11.90818 2.64228 -0.12323 -1.24819 
13.83582 2.42727 -0.26477 1.52599 
13.88523 3.22112 -0.24455 0.82579 
11.97696 5.80658 -0.02170 0.14841 
14.19850 2.10446 -0.06934 -1.57166 
9.41521 6.92047 -0.16611 0.93614 
14.08360 2.16578 -0.37805 4.26212 
15.03747 3.39685 -0.28065 2.83507 
14.43393 6.90409 -0.27589 7.53101 
16.16672 3.49871 -0.26996 2.91499 
16.30866 8.13247 -0.16939 0.51374 
16.22605 5.79940 -0.23915 2.09681 
16.34624 7.45782 -0.25048 3.03676 
16.78454 8.61204 -0.24233 0.68118 
16.78454 8.61204 -0.24233 0.68118 
15.69186 14.94227 -0.38663 12.46670 
16.46646 12.24394 -0.38197 6.20291 
16.59931 12.46978 -0.27250 3.31456 

7.14933 1.67713 0.17115 -3.55944 
8.74376 4.30074 0.31701 -6.48271 
8.15306 6.13576 -0.01641 0.33565 
7.79206 4.03807 0.00064 0.27320 
7.83666 6.50679 0.08806 -0.51128 
6.63786 1.43013 -0.11283 1.66263 
7.72884 3.44820 -0.10203 1.19819 
8.50350 4.98436 -0.13241 2.23246 
8.52201 7.46014 -0.37702 7.17743 
10.00694 7.77496 0.22661 -5.73335 
3.97355 6.14031 -0.14607 7.08766 
9.29098 3.80878 -0.12331 1.77972 
9.58529 4.59427 -0.17094 2.00609 
10.46264 4.79880 0.25890 -5.14011 
9.33151 6.55187 -0.23974 5.98314 
9.63548 6.03621 -0.47778 8.64882 
9.47587 10.04622 -0.03472 2.06463 
11.05138 8.27476 0.17845 -3.60628 
9.10213 9.91754 -0.23582 12.17704 
9.72665 10.10127 -0.22407 7.07595 
9.47628 11.23980 -0.46910 7.45843 
9.47628 11.23980 -0.46910 7.45843 
9.47628 11.23980 -0.46910 7.45843 
9.36094 8.63611 -0.52711 13.20740 
11.65587 8.87266 0.11770 -2.57201 

5.49445 3.85296 -0.12492 2.26476 
6.76531 4.56189 -0.14804 2.96944 
7.08757 6.51865 -0.02789 -0.94962 
7.28663 5.38651 -0.06479 2.00475 
7.20211 6.71853 -0.15345 2.95813 
7.71668 2.85831 -0.13266 3.44802 
10.66712 4.17725 0.03298 -1.54878 
10.16442 2.73284 -0.00350 -1.00237 
11.20743 4.71595 -0.01739 0.99107 
11.10638 3.10140 -0.10382 1.52617 
10.65952 2.94105 -0.15907 4.55213 
11.26485 5.03335 -0.05992 2.75088 
9.36548 4.42819 -0.32089 7.50273 
11.44805 3.88319 0.05186 -1.29630 
10.75807 9.36853 -0.06479 4.01326 
13.09034 7.93749 0.02185 -3.00712 
12.57408 8.60340 -0.12312 2.03489 
12.94202 7.48608 -0.13542 3.26337 
12.52262 9.82807 0.09099 0.45220 
12.13404 10.44099 -0.07582 2.08388 
13.21767 12.86417 -0.19056 5.43769 
13.19613 8.39257 -0.42991 8.59555 
13.19613 8.39257 -0.42991 8.59555 
13.19613 8.39257 -0.42991 8.59555 
13.19613 8.39257 -0.42991 8.59555 

