39.03191 1.55573 -0.47657 1.56569 
45.58337 2.40316 -0.20786 -1.19446 
47.25866 2.62784 -0.34591 -0.22120 
47.10036 2.64141 -0.07227 0.07886 
44.79487 3.37606 -0.18235 0.17696 
41.54712 1.70141 -0.54045 2.61204 
54.84891 2.40590 0.63587 -8.34199 
58.28737 2.75721 0.47556 -5.91652 
57.32473 2.67890 0.15942 -3.32179 
54.70939 2.82488 0.08200 -3.90075 
45.84884 2.06942 -0.31682 -0.20196 
50.33462 2.58556 -0.03669 -1.96769 
50.86778 3.11272 -0.58766 2.65243 
54.50094 3.22531 -0.46919 0.90017 
55.56593 3.37772 -0.29288 0.91748 
51.80859 2.51291 0.15013 -0.71168 
58.36090 3.04682 0.34221 -5.13368 
65.78038 3.51550 0.54828 -6.19158 
65.46361 3.68110 -0.03971 -2.01000 
65.01101 6.59444 -0.18324 -0.60396 
66.65012 6.62715 0.05247 -1.75226 
66.65012 6.62715 0.05247 -1.75226 
67.92920 6.28892 0.17284 -3.43143 
65.80164 7.34892 0.22385 -3.78150 
68.29719 6.40130 -0.22173 -0.60781 

37.83728 1.44898 -0.14079 0.38619 
37.67719 4.87759 0.23148 -2.61879 
46.13508 2.92735 0.74711 -6.25973 
45.09964 4.54651 0.44681 -3.26436 
44.19300 3.74406 0.31095 -4.06363 
40.24335 1.61603 0.50420 -3.65823 
47.99047 2.36215 0.16994 -2.63992 
49.74634 2.58437 0.16265 -2.86664 
49.78699 2.34848 0.33718 -3.87150 
51.37248 2.54863 0.52270 -6.14253 
41.34594 1.52699 -0.06849 0.48034 
55.48386 2.44778 0.45006 -3.41999 
54.74854 4.59865 0.29604 -3.33160 
58.42469 3.42655 0.51418 -5.87162 
61.57151 3.97125 0.72368 -7.43367 
50.77224 2.63933 0.75047 -4.99548 
54.41289 2.98945 0.38482 -2.43434 
62.02027 3.94548 0.20188 -1.86370 
60.46596 5.87169 -0.12689 2.95886 
64.21770 4.32723 0.13978 -2.39399 
61.89907 5.34691 0.24661 -0.55142 
61.61294 5.68648 -0.08945 -0.28436 
67.00520 6.06823 0.05818 -1.09516 
64.62529 7.71004 0.34604 -3.07799 
66.10094 6.07077 0.27665 -3.17405 

35.15791 1.63913 -0.63491 4.89975 
38.96797 2.78635 -0.85907 7.29790 
42.73547 3.20904 -0.60135 3.98105 
42.22585 3.73237 -0.38386 2.43953 
39.50681 2.68726 -0.80940 6.50334 
36.12134 1.59783 -0.70660 5.20391 
46.86002 2.32256 -0.77639 4.81905 
44.28561 3.07374 -0.80740 6.21987 
47.05100 4.34494 -0.59535 4.70111 
44.44403 3.68708 -0.79573 6.87165 
32.13847 2.07529 -0.85607 8.14625 
47.57595 3.00863 -0.65359 5.05287 
53.26181 3.44957 -0.36975 2.17468 
53.68986 3.30832 -0.30295 2.43539 
57.28224 3.68152 -0.07646 -0.91043 
44.39731 4.32492 -0.18982 3.52583 
53.78137 3.03362 -0.55823 4.39074 
60.52456 3.66882 -0.64758 5.07356 
59.64702 5.21150 -0.11436 -0.20898 
56.14211 4.84016 -0.53867 8.59525 
53.78489 5.99314 -0.80028 8.23108 
56.44556 5.43759 -0.56623 4.46316 
56.09231 5.96815 -0.86585 6.55714 
51.86753 8.90541 -1.05601 12.25558 
62.44916 6.88421 -0.73138 5.83708 

39.42482 1.41325 0.18382 -3.92494 
42.58861 2.10345 -0.37177 1.64355 
46.20052 2.46282 -0.20997 -0.53611 
44.56608 4.91590 -0.43100 3.05817 
43.60194 5.44079 -0.62521 2.74903 
39.88767 1.46471 -0.16292 -1.14266 
50.49579 2.22889 0.16270 -3.24796 
54.57035 3.64662 0.14449 -2.06813 
55.18210 2.49674 0.20449 -4.18322 
54.25841 2.38855 0.07766 -2.61206 
41.26755 1.54893 0.30383 -4.58823 
51.61295 2.69627 -0.25020 1.48115 
56.11803 3.85365 0.03185 -2.11509 
56.73726 3.67966 -0.07710 -2.01921 
58.61406 3.70354 0.08493 -2.43597 
49.70265 2.47257 -0.06973 -1.57311 
55.27048 2.65660 -0.38876 2.89382 
58.37701 4.58216 -0.20662 -0.02348 
63.14121 4.30007 0.34451 -3.10708 
63.30465 4.26859 0.06090 -1.98986 
62.11322 6.61903 -0.20606 -0.55959 
65.31136 6.87558 0.21444 -3.11295 
66.30886 5.62686 0.53358 -5.61741 
64.78765 5.92396 0.29679 -4.48258 
61.55572 6.25419 -0.63314 4.03451 

39.25347 1.41672 -0.58078 3.75312 
43.49675 2.28150 -0.34164 2.20361 
36.82560 3.51947 -1.08448 14.49796 
38.01583 2.45518 -0.67703 4.57872 
43.28982 3.53488 -0.57074 3.12095 
35.92083 1.49210 -0.70179 6.01057 
50.03393 3.61806 -0.47024 3.04716 
49.41528 2.68541 -0.74719 5.51800 
47.81825 5.39950 -0.81222 5.93279 
49.32561 4.89543 -0.49668 4.15196 
44.85704 1.60532 0.14031 -1.58540 
54.47998 2.73817 -0.17734 -0.08575 
55.71619 3.07655 -0.31944 2.00419 
58.55795 3.77107 -0.62405 4.12803 
56.04990 3.62089 -0.59773 3.35427 
55.45311 2.74773 0.01294 -0.12962 
60.59882 4.25056 0.06971 -0.69000 
53.72019 3.66809 -0.50694 7.51620 
59.04748 4.84843 0.15002 -0.10569 
58.59148 4.81245 -0.34922 1.65919 
64.69995 6.28066 -0.11946 -0.04986 
49.78275 7.96048 -1.22223 18.53624 
57.61467 5.72403 -1.32808 11.03400 
63.54950 6.62665 -0.33562 1.89849 
64.61025 6.47169 -0.01651 -0.42477 

