753629.364152 1.035363 0.893746 0.038928 
735947.811083 1.038835 0.893742 0.040091 
563464.743736 1.030359 0.851956 0.052441 
779711.260627 1.040549 0.890563 0.040578 
663035.912501 1.034450 0.866947 0.048319 
880332.401292 1.046394 0.888465 0.044996 
787919.413297 1.045847 0.879088 0.042604 
834867.120369 1.040583 0.877377 0.045132 
765438.108234 1.041665 0.877582 0.042553 
715834.445486 1.051533 0.880198 0.052805 
979637.620158 1.059828 0.885595 0.041646 
926973.658053 1.123553 0.894078 0.056875 
878158.231830 1.057676 0.880650 0.044655 
938037.855998 1.054750 0.889459 0.040523 
912569.706669 1.066378 0.890411 0.046101 
884752.497499 1.083838 0.874030 0.047606 
918702.055450 1.071035 0.876642 0.044296 
975736.580874 1.078912 0.882411 0.041646 
977919.332905 1.072345 0.886950 0.040796 
886377.875375 1.079530 0.878545 0.045479 
894291.912152 1.112510 0.885531 0.048676 
984960.322984 1.120483 0.881397 0.041717 
994346.326144 1.173700 0.890644 0.041069 
960862.167555 1.155097 0.875801 0.044110 
942822.599652 1.226130 0.892501 0.037881 

536289.860495 1.033233 0.852556 0.058302 
739616.635283 1.040962 0.888351 0.043885 
587871.654479 1.030526 0.863815 0.054553 
639804.383430 1.041049 0.880795 0.048565 
595431.918253 1.038446 0.880268 0.055534 
792001.597198 1.042601 0.873110 0.043285 
839141.160809 1.040950 0.886895 0.040456 
821353.867624 1.041078 0.896531 0.042916 
664634.768911 1.050595 0.851597 0.059086 
903120.803244 1.047405 0.882695 0.040159 
964064.736211 1.054021 0.893350 0.038645 
939991.262659 1.060881 0.893573 0.038046 
871823.112546 1.051296 0.871525 0.047233 
966070.629538 1.053156 0.882455 0.042564 
920928.301998 1.051072 0.878538 0.043747 
930616.037237 1.066683 0.879121 0.045234 
982187.795910 1.083295 0.885234 0.040448 
863255.309496 1.116716 0.873701 0.071624 
920838.562647 1.072459 0.871100 0.047059 
933068.399866 1.076275 0.882443 0.042678 
988305.894444 1.204030 0.887594 0.039330 
921423.060837 1.113030 0.878905 0.045443 
1017591.701377 1.164079 0.891712 0.037758 
966581.217422 1.247486 0.882615 0.047796 
925349.639281 1.126563 0.867882 0.049355 

704106.488000 1.062541 0.880457 0.053392 
755511.062350 1.035699 0.887662 0.041969 
649110.811330 1.034774 0.862327 0.050872 
645560.298722 1.033964 0.873642 0.050326 
638788.375991 1.033439 0.875783 0.051235 
827598.993492 1.044247 0.873894 0.047361 
808057.507017 1.041539 0.883304 0.041152 
683024.363470 1.036681 0.875430 0.051961 
741510.647181 1.037449 0.874960 0.046652 
706349.628399 1.042478 0.862578 0.048868 
994028.231169 1.067727 0.891130 0.037910 
902182.369340 1.062616 0.884431 0.042242 
910842.254000 1.143465 0.873185 0.047718 
967478.247392 1.112495 0.894697 0.038769 
768240.523482 1.053138 0.865961 0.050530 
957413.859139 1.079732 0.872898 0.048220 
986570.937725 1.084640 0.888537 0.040000 
990250.132961 1.103859 0.889998 0.040399 
964687.405460 1.068150 0.881872 0.043586 
951364.548668 1.094222 0.877368 0.046112 
951823.051293 1.144758 0.878795 0.045296 
909381.989096 1.207595 0.876588 0.041742 
929993.059251 1.133043 0.877999 0.044666 
982066.412980 1.148172 0.881953 0.039349 
937014.589069 1.127789 0.886044 0.050704 

632809.099968 1.041263 0.871039 0.053058 
628095.627231 1.034622 0.881006 0.049174 
694842.661551 1.032270 0.874324 0.049324 
758621.573571 1.036710 0.894637 0.034275 
719302.974292 1.035937 0.882295 0.044510 
739580.560642 1.036547 0.863693 0.048995 
753135.043862 1.043298 0.868323 0.047205 
677695.795641 1.038687 0.868222 0.051476 
797483.231474 1.037450 0.878563 0.042458 
828806.862542 1.041768 0.877394 0.043155 
878517.727949 1.062858 0.878444 0.044030 
971506.627167 1.054932 0.878001 0.043851 
946854.482099 1.061148 0.886306 0.040172 
909186.241646 1.056930 0.873313 0.048806 
984327.657249 1.059484 0.892330 0.038348 
987005.027798 1.091112 0.902029 0.035873 
987418.369594 1.087559 0.887969 0.040672 
966125.309322 1.080070 0.883721 0.043048 
922750.930062 1.087358 0.878413 0.044307 
973354.026970 1.131090 0.890123 0.036790 
941876.757817 1.133852 0.873713 0.047452 
959907.407105 1.124974 0.878676 0.043242 
1006862.115289 1.145812 0.890857 0.038056 
948277.777932 1.154226 0.877914 0.046127 
894875.222412 1.150327 0.871222 0.046255 

707124.696588 1.038359 0.882451 0.044541 
698489.043970 1.035420 0.871941 0.046933 
739940.960966 1.036143 0.888710 0.044194 
688644.347226 1.035231 0.874192 0.045223 
612094.669398 1.036538 0.867903 0.051098 
689040.126107 1.041462 0.866689 0.057037 
783907.083923 1.038191 0.880218 0.042045 
669697.034350 1.037870 0.862021 0.054157 
664977.440703 1.034255 0.849385 0.054645 
761070.321463 1.041376 0.865690 0.050672 
869207.820961 1.058401 0.876978 0.045827 
863210.096538 1.048713 0.875137 0.045728 
880076.207299 1.054987 0.869658 0.048344 
928925.312325 1.074947 0.879028 0.045524 
971285.579127 1.063466 0.887899 0.040337 
861023.584899 1.065119 0.874076 0.046263 
977394.078066 1.073758 0.891106 0.038926 
934390.717992 1.078299 0.881767 0.041369 
912274.470868 1.130698 0.876460 0.056839 
933862.606564 1.070464 0.880327 0.044654 
839690.733970 1.119130 0.867110 0.046788 
973126.808678 1.164777 0.885145 0.046729 
927906.785099 1.132397 0.888345 0.040485 
982992.067800 1.164475 0.880126 0.044407 
953088.559593 1.118933 0.882441 0.042521 

