682023.114900 1.034142 0.871531 0.050017 
644430.001743 1.031381 0.869408 0.045455 
652434.668576 1.033156 0.871777 0.045487 
591899.038524 1.032386 0.874016 0.054331 
624565.450564 1.031314 0.872856 0.046980 
773741.994886 1.040555 0.904148 0.043369 
612407.236387 1.030724 0.881044 0.042978 
643970.755419 1.033225 0.888971 0.048853 
681931.341722 1.034042 0.891373 0.044010 
756797.935724 1.043331 0.876289 0.047485 
679496.143513 1.033095 0.883705 0.046657 
586824.999426 1.032060 0.872273 0.047203 
670626.063930 1.036163 0.880450 0.048523 
590917.700937 1.045960 0.881626 0.053009 
668539.612266 1.037294 0.874256 0.044834 
655091.672693 1.035855 0.874732 0.043540 
691778.303065 1.041412 0.887280 0.043089 
722734.782366 1.033300 0.888632 0.044283 
589517.333350 1.029791 0.864632 0.047731 
663666.749593 1.036002 0.886745 0.042158 
664000.613145 1.036094 0.866667 0.052632 
632109.835679 1.033767 0.873016 0.049096 
681839.909696 1.038509 0.888229 0.042613 
595420.670232 1.033244 0.862934 0.050579 
646666.092828 1.032228 0.873509 0.049151 

758113.177831 1.038501 0.889381 0.043300 
496488.224331 1.034106 0.842011 0.060592 
729544.289074 1.043810 0.892540 0.042064 
536471.105660 1.028981 0.863850 0.055058 
523856.498243 1.029805 0.855719 0.055893 
710985.089126 1.037440 0.883256 0.042362 
575563.776250 1.030808 0.874494 0.051417 
653961.438241 1.030790 0.887436 0.044662 
537115.576518 1.032397 0.865294 0.053625 
580311.670228 1.031461 0.867706 0.051159 
509893.190824 1.032388 0.842360 0.058565 
622624.931990 1.036786 0.875283 0.050113 
705690.182264 1.035743 0.883361 0.042353 
656849.084905 1.029798 0.875179 0.046495 
558570.804596 1.032317 0.861362 0.057014 
684397.279132 1.042277 0.891684 0.045073 
602803.431563 1.035184 0.884706 0.051765 
545604.310274 1.035708 0.854879 0.055463 
735012.077869 1.037706 0.888383 0.043606 
717436.374577 1.036756 0.885544 0.042011 
672141.397719 1.033811 0.882518 0.045726 
570173.816465 1.030889 0.849049 0.054279 
649455.147317 1.031244 0.884237 0.043684 
664955.444385 1.038478 0.876190 0.047972 
628169.056147 1.033539 0.858712 0.050512 

619904.072376 1.034051 0.869565 0.044978 
687886.460338 1.034378 0.876712 0.045548 
701546.325834 1.035573 0.892234 0.043106 
666573.638514 1.033189 0.883713 0.044097 
670886.630454 1.035089 0.886058 0.042109 
614689.994671 1.033113 0.858265 0.050112 
663881.091217 1.034496 0.871434 0.047200 
590517.958128 1.031765 0.867866 0.048084 
642512.368014 1.032584 0.868164 0.047809 
742236.467163 1.043274 0.894976 0.042464 
681882.921703 1.032566 0.872727 0.044597 
689627.511358 1.034023 0.885105 0.047816 
601541.580282 1.033742 0.862003 0.048547 
621525.551215 1.035274 0.874859 0.045472 
694977.228107 1.035689 0.886301 0.044863 
640648.554380 1.033143 0.876187 0.042732 
642189.431442 1.033618 0.877097 0.049599 
681880.658917 1.049390 0.888811 0.050350 
699930.327512 1.032606 0.880904 0.040823 
623043.395442 1.040547 0.874155 0.051465 
785889.352648 1.043787 0.902379 0.039852 
558732.650871 1.032054 0.865758 0.052458 
708200.497390 1.035403 0.880428 0.044088 
614506.464172 1.030447 0.879449 0.049369 
766573.119540 1.036247 0.887087 0.045540 

580405.356936 1.030813 0.878983 0.052037 
725441.638155 1.037168 0.884338 0.042267 
746618.977088 1.049540 0.892615 0.046437 
604306.850159 1.033639 0.878741 0.052079 
571475.841925 1.034902 0.869371 0.055578 
617873.752680 1.032683 0.875000 0.048864 
682267.067168 1.035831 0.875948 0.045486 
674635.512301 1.033317 0.880994 0.043752 
620642.179073 1.045344 0.875989 0.054278 
655387.068616 1.032515 0.875894 0.042203 
782454.227173 1.037680 0.891344 0.041436 
741031.952824 1.033723 0.876390 0.040356 
641138.382124 1.033260 0.879721 0.046938 
608927.751078 1.030677 0.866540 0.051331 
670843.129903 1.032870 0.877929 0.041973 
683630.105187 1.034826 0.890674 0.050297 
708304.666762 1.036004 0.886792 0.040431 
666944.093103 1.034005 0.880792 0.042802 
628381.284414 1.033000 0.876024 0.046538 
491717.405662 1.028218 0.850733 0.060440 
622383.094247 1.037243 0.882510 0.046008 
634756.629968 1.031787 0.879259 0.048519 
675029.474004 1.036011 0.874697 0.042921 
706212.147569 1.034643 0.886824 0.046622 
607029.810252 1.030953 0.861427 0.050494 

630301.524530 1.033037 0.869245 0.052302 
438026.213161 1.031643 0.841286 0.065294 
638679.130337 1.034195 0.887073 0.050149 
724644.346902 1.039658 0.879479 0.046906 
684843.607169 1.035634 0.881397 0.043568 
751408.830209 1.038907 0.888854 0.042994 
622751.027081 1.032291 0.866344 0.049516 
641636.833584 1.033552 0.879956 0.050661 
631083.230561 1.034544 0.875093 0.048925 
738100.396607 1.041965 0.887165 0.042030 
655790.453948 1.035522 0.880618 0.046746 
642787.018474 1.032353 0.871962 0.047515 
639164.870352 1.032956 0.875412 0.045438 
651967.235021 1.035271 0.876752 0.043838 
613105.876555 1.037379 0.873004 0.051331 
696924.137719 1.035592 0.879322 0.045085 
484864.790152 1.034874 0.839506 0.069044 
569854.995207 1.031114 0.855827 0.052463 
703879.308463 1.037803 0.885917 0.045024 
650779.221375 1.032851 0.888483 0.048263 
742340.064240 1.039794 0.897336 0.042235 
635087.720585 1.037392 0.869853 0.058088 
641634.497364 1.034812 0.881574 0.047076 
694511.195474 1.038703 0.874365 0.052150 
677729.806425 1.037103 0.882148 0.046722 

