323509.159780 0.414547 0.955861 0.038744 0.233721
319846.453016 0.517297 0.944716 0.045499 0.240631
316544.168419 0.539244 0.957436 0.029044 0.244613
268753.554117 0.316540 0.944671 0.055911 0.277753
272432.527162 0.499906 0.946459 0.050086 0.266915
363825.959801 0.426051 0.958515 0.040175 0.215070
248080.868737 0.410003 0.919533 0.077396 0.281195
286761.659488 0.333114 0.938245 0.060130 0.256145
261781.875125 0.272084 0.954189 0.043400 0.285643
291393.766492 0.389842 0.957089 0.042368 0.251092
325058.814459 0.449255 0.956628 0.030214 0.237603
264740.075269 0.355468 0.933411 0.064252 0.271673
319183.891761 0.372411 0.957669 0.034861 0.234928
338031.614631 0.436776 0.946636 0.041763 0.226111
314584.953778 0.538424 0.947683 0.045341 0.237251
307881.636457 0.538898 0.946592 0.044252 0.243603
306200.351904 0.669268 0.945297 0.040900 0.244827
259437.940876 0.489079 0.938959 0.031119 0.280637
254473.672313 0.341470 0.960100 0.026808 0.285984
299080.509580 0.425222 0.964725 0.031534 0.248275

313799.149758 0.806607 0.938363 0.059665 0.248127
277465.141263 0.607061 0.917253 0.065441 0.272626
296013.688585 0.592028 0.932089 0.063764 0.258007
267540.018324 0.658640 0.908380 0.078212 0.278276
319745.420424 0.654013 0.927682 0.058429 0.241387
311842.920171 0.544109 0.914616 0.073324 0.241409
296848.421732 0.909829 0.907901 0.055863 0.256919
293936.010756 0.888995 0.926639 0.053070 0.256311
320652.779964 0.718784 0.940920 0.049879 0.239297
355587.143930 0.570424 0.918620 0.075841 0.215674
280553.951968 0.711102 0.924283 0.065982 0.267040
296548.424734 0.713914 0.929527 0.052984 0.253314
273430.613612 0.832747 0.918042 0.067657 0.275479
274113.066910 0.674095 0.902098 0.084454 0.266236
304788.669954 0.822687 0.935598 0.061866 0.252610
294432.067516 0.684468 0.914039 0.056968 0.248456
309518.116918 0.613873 0.930336 0.058794 0.246315
317344.059309 0.720638 0.929672 0.050578 0.244880
295150.665903 0.616819 0.920390 0.063688 0.255845
263629.901978 0.424085 0.900503 0.096143 0.278542

301074.982814 0.719658 0.899463 0.089800 0.249380
299594.389934 0.897065 0.911619 0.083416 0.252992
270560.454949 0.670674 0.881329 0.090190 0.274040
297424.698156 0.966827 0.914114 0.079357 0.252575
280173.615496 0.794677 0.889406 0.110594 0.267226
312986.604828 0.909550 0.909306 0.069438 0.241974
309948.769108 0.900829 0.901281 0.079734 0.242051
309373.845261 0.616091 0.906475 0.077698 0.245035
292654.280680 0.676030 0.899248 0.101253 0.256984
285489.256855 0.976409 0.923523 0.070148 0.263390
299667.176714 1.166653 0.916046 0.057129 0.255732
361029.978330 0.851775 0.915938 0.057012 0.216287
273080.039176 0.640426 0.893899 0.087533 0.271233
339498.300499 0.691956 0.909490 0.084798 0.224809
280770.985932 0.986368 0.887513 0.097007 0.266482
287117.098886 0.798518 0.906089 0.090815 0.262153
298869.628260 0.552463 0.905520 0.090005 0.250619
292476.642007 1.041339 0.878788 0.116325 0.251800
306760.639778 1.223105 0.912980 0.058824 0.245753
361029.820700 0.706979 0.919550 0.074614 0.213975

285828.761133 0.975503 0.886146 0.096725 0.257657
256774.020175 1.079718 0.889197 0.105817 0.285067
308749.369503 1.109790 0.912398 0.082815 0.245624
330349.423222 0.880573 0.896948 0.092879 0.231342
298494.075843 1.257811 0.891462 0.081524 0.249606
289867.870665 0.922145 0.888171 0.107356 0.256928
287278.902265 1.118151 0.891064 0.097892 0.259699
310205.506952 1.196260 0.878217 0.089154 0.245329
331105.349478 1.052224 0.900577 0.091434 0.230271
336730.557262 0.877187 0.900174 0.086372 0.224094
288437.575854 1.075064 0.895243 0.103239 0.260486
301355.892599 1.114665 0.895652 0.087440 0.247325
292682.297060 0.861314 0.900901 0.083584 0.261976
320887.319322 1.095447 0.904849 0.079597 0.235510
341854.723425 1.228214 0.904946 0.082151 0.226290
273111.702623 0.880296 0.872285 0.118925 0.273721
319727.784768 0.859182 0.888588 0.104195 0.233655
310272.844803 0.797823 0.906489 0.086355 0.243259
269679.960823 1.175884 0.883035 0.097998 0.272986
277539.199995 0.880605 0.878433 0.104781 0.259684

264850.877206 1.102264 0.857588 0.126299 0.280651
327498.306010 1.479398 0.876849 0.080940 0.235289
296685.178890 1.649087 0.881566 0.089780 0.251436
287675.529122 1.106232 0.885238 0.102992 0.256282
295279.015144 1.223574 0.875059 0.101663 0.254597
280830.052746 1.171086 0.887817 0.098985 0.256546
283219.554992 1.142017 0.883500 0.101000 0.259501
292134.524168 1.113577 0.850353 0.142588 0.253135
302197.138071 0.871445 0.884906 0.099528 0.246672
319206.547687 1.321315 0.878265 0.087207 0.236511
268569.120363 0.896371 0.862494 0.131349 0.271638
286797.351241 1.048818 0.873164 0.107738 0.261786
265406.884510 1.236764 0.875462 0.114512 0.277904
296346.396875 1.175756 0.881988 0.088390 0.254186
325715.102930 1.098438 0.890556 0.101942 0.232907
278012.365850 1.312349 0.873000 0.121000 0.261784
313408.925758 1.132485 0.902733 0.085225 0.241110
294479.630195 1.317717 0.893732 0.094025 0.253105
269022.737231 0.860637 0.863753 0.122879 0.268043
325281.191342 1.024089 0.878166 0.096070 0.231904

