318851.582470 0.749666 0.943627 0.049020 0.234440
277239.331621 0.630689 0.902426 0.088410 0.260633
277103.240363 1.268850 0.932185 0.062813 0.273939
291358.770220 0.558403 0.954842 0.050598 0.247582
307728.837412 1.148511 0.936020 0.057935 0.245410
297732.775899 0.918552 0.957379 0.045285 0.251852
245175.381589 1.239172 0.920223 0.063698 0.293096
285529.718435 0.596294 0.927763 0.063612 0.260410
283896.470951 0.847921 0.930941 0.064709 0.265707
283924.972739 0.533177 0.944353 0.051791 0.259322
244613.213623 0.765896 0.881336 0.086464 0.299083
234679.018880 1.405195 0.884544 0.087523 0.316787
266307.770473 1.347925 0.881903 0.107709 0.285465
260081.365188 1.014702 0.880605 0.090807 0.292540
238154.182203 0.604600 0.922684 0.076677 0.295962
292730.101960 0.964007 0.947481 0.030547 0.247529

235277.351445 1.245908 0.846290 0.117197 0.316199
276047.142126 1.775350 0.860870 0.116113 0.268527
225651.181457 2.382437 0.842362 0.127815 0.318339
293025.885862 1.564640 0.887177 0.110338 0.259251
260127.556168 1.640983 0.899321 0.097285 0.288323
320446.806576 1.363137 0.931349 0.049928 0.244110
344909.905535 1.231056 0.922703 0.075972 0.225726
287856.761219 1.914632 0.887988 0.105423 0.260417
295841.470098 1.701681 0.888834 0.102273 0.258049
302833.524896 1.712682 0.862828 0.094101 0.248394
296866.382534 1.980936 0.852096 0.090438 0.249613
264022.714407 1.833728 0.871003 0.095935 0.283418
284280.387134 0.996911 0.883470 0.100103 0.264976
251237.637930 1.056068 0.852140 0.103947 0.282433
305510.045465 1.608039 0.845488 0.133090 0.247653
259892.052813 1.123201 0.875622 0.110006 0.284442

299684.206659 2.255333 0.816555 0.151678 0.251252
282209.776374 2.153650 0.825404 0.154139 0.270653
290949.415797 2.140417 0.821659 0.159908 0.258539
302235.390585 2.640714 0.846612 0.125458 0.251552
305817.965045 1.842911 0.890736 0.088361 0.249391
283470.102031 1.339150 0.861744 0.124381 0.261108
264670.500123 1.968449 0.828571 0.150510 0.280471
297529.366455 2.133997 0.874638 0.099325 0.257659
286617.516132 2.216640 0.836822 0.116080 0.263417
303411.330598 1.808486 0.870197 0.116214 0.244440
310218.288858 1.901856 0.880875 0.080037 0.244343
312351.796361 2.049952 0.882462 0.065710 0.243129
329643.559686 1.679573 0.830782 0.121638 0.229332
286183.454322 2.009339 0.863792 0.088682 0.261420
290471.528066 2.009743 0.867998 0.113005 0.257223
318993.108787 1.761317 0.862616 0.103479 0.236333

243971.783459 2.580055 0.808863 0.151628 0.299488
252319.337125 1.703711 0.834133 0.142933 0.286040
278353.554909 2.805246 0.806151 0.102982 0.262510
292773.447934 2.066102 0.829358 0.131193 0.251134
306736.848092 3.056375 0.825860 0.086199 0.248482
270285.934807 2.273770 0.838661 0.119880 0.274579
307829.745045 2.622901 0.864717 0.096892 0.248737
308486.131890 2.455641 0.849462 0.096326 0.241924
358350.246406 2.080107 0.854814 0.103261 0.212211
278054.866492 1.806886 0.807150 0.157573 0.267184
274294.053013 2.468771 0.791996 0.183806 0.268846
262183.968887 2.221020 0.815816 0.168669 0.276807
346219.678274 1.680029 0.873257 0.096801 0.220585
305956.791961 2.574675 0.825120 0.121239 0.247263
282084.841227 2.268990 0.815629 0.118390 0.264431
317551.890690 2.732022 0.815031 0.134029 0.234361

326244.266047 2.482033 0.823698 0.144321 0.229127
315053.039133 2.172506 0.851138 0.135727 0.240799
355565.880897 2.089843 0.829490 0.116446 0.213999
323799.686249 2.988925 0.812955 0.154251 0.231273
312225.753244 1.631585 0.866847 0.105713 0.243719
267053.594289 2.694679 0.799424 0.176583 0.273114
296919.912889 2.840088 0.798261 0.151739 0.249814
358025.290199 2.129908 0.846390 0.145929 0.211363
324072.202540 2.711419 0.807443 0.148867 0.233466
307953.139474 2.638878 0.824342 0.125593 0.240858
291890.389476 2.509144 0.784007 0.147762 0.252283
282930.667446 2.286820 0.772489 0.180349 0.260375
363813.080840 2.305533 0.824050 0.137588 0.210699
330781.933729 2.070081 0.849440 0.115305 0.230008
310149.228524 2.269432 0.787792 0.160590 0.242681
289791.962164 3.242538 0.790167 0.148376 0.257717

