1.86448 -1.81759 -0.39808 -2.50136 
1.51829 -1.01644 -1.95370 6.65795 
1.58257 -0.04708 -1.13415 13.64427 
1.04441 1.51252 -2.58480 22.88079 
1.36569 1.23333 -1.82156 18.47715 
0.72511 1.45622 -3.20259 29.38639 
1.45762 1.23977 -1.81680 26.12330 
-0.09716 1.70967 -3.97802 29.33904 
1.07859 2.44557 -2.47594 27.99984 
-0.02625 2.62356 -2.74742 29.78167 
-0.17489 -1.08266 -5.91332 48.55734 
0.95079 0.00758 -7.20611 54.86428 
0.81690 -0.18579 -6.35031 62.72659 
0.68186 2.01472 -6.61093 62.55160 
0.82464 0.26801 -7.65396 64.18726 
-12.10082 -3.67976 -11.48876 93.45734 
-12.10082 -3.67976 -11.48876 93.45734 
-12.10662 -3.66725 -11.28168 94.31171 
1.02502 -3.55555 -9.15970 85.48797 
-14.13381 11.55485 -9.60733 87.08143 
2.94460 4.03043 -10.67453 87.78758 
2.94460 4.03043 -10.67453 87.78758 
2.93898 4.01493 -10.73461 91.12376 
2.90148 4.00021 -10.83183 89.95749 
1.53465 3.08278 -10.38331 79.25000 

-1.09740 1.79258 -0.45348 -1.77737 
-2.82534 0.29356 0.04456 -1.01616 
-1.93829 1.81889 -0.87767 2.98880 
-1.28077 0.89674 0.05938 -0.11933 
-1.36805 0.90806 -0.06331 -0.15731 
-2.16023 8.39667 -1.92382 7.07241 
-1.64354 6.77157 -1.31185 11.23738 
-1.20024 10.41922 -2.24205 18.36764 
-1.90960 9.61325 -3.43525 15.73504 
-1.37349 9.95247 -3.57735 28.77510 
-0.34140 8.64075 -4.52675 29.28860 
-3.52232 7.53130 -4.90020 30.81012 
-1.00494 8.24414 -3.47218 24.31179 
-0.68483 8.46572 -5.07912 29.56524 
-0.51544 7.27466 -5.25681 39.70239 
-4.68342 4.51546 -7.21240 45.82554 
-4.68342 4.51546 -7.21240 45.82554 
-4.32659 5.01785 -6.88396 49.13256 
-2.72450 3.25478 -10.17015 68.94036 
0.18634 4.47374 -8.17808 56.08654 
-0.29758 7.51639 -8.96101 78.22046 
-0.29758 7.51639 -8.96101 78.22046 
-1.99698 4.91566 -11.40690 85.32903 
-1.37591 5.35322 -11.05635 80.99319 
-1.37591 5.35322 -11.05635 80.99319 

1.13740 -0.38572 0.45187 5.28560 
-0.44072 1.73986 -2.18313 12.89542 
0.19006 1.74603 -1.04100 7.26929 
0.74592 1.41874 -1.24604 11.62891 
-0.76425 1.85668 -1.62534 6.11498 
0.41361 -0.79972 -1.88140 22.28597 
-0.66937 1.98121 -2.80382 27.84088 
-0.21679 4.74164 -4.53296 36.13372 
0.46536 4.34273 -3.77258 34.09344 
0.63151 4.01989 -4.07709 33.20161 
0.44486 9.45315 -4.91993 36.71721 
0.30741 10.17740 -4.66088 28.04188 
-1.01345 11.37534 -6.60040 46.57221 
-0.67016 11.28698 -6.58295 58.71143 
-0.00207 11.67975 -6.12541 42.44189 
0.92215 8.70729 -6.26577 51.04502 
1.05675 8.81184 -6.61085 48.58029 
0.29655 7.85799 -6.82334 56.97656 
-2.09364 10.30238 -10.81452 82.21123 
0.46732 7.18603 -6.10007 48.88375 
-0.05192 0.50594 -10.93977 94.81393 
-0.05192 0.50594 -10.93977 94.81393 
-0.05192 0.50594 -10.93977 94.81393 
-0.22003 4.49749 -12.94386 104.52257 
-0.22003 4.49749 -12.94386 104.52257 

-0.62561 1.04116 -0.03227 -0.76598 
-0.35658 0.12921 -0.48983 1.17233 
0.76789 0.24707 0.38362 3.95244 
0.04970 0.40145 -1.36553 4.14195 
1.03374 0.29807 0.52515 2.84709 
-1.47178 -1.51412 -2.78417 19.71987 
-0.17213 -0.34951 -3.14899 24.58109 
-0.17558 -0.45577 -4.02980 29.22018 
-1.60717 0.73799 -3.37964 29.28893 
-1.33436 1.92978 -3.16326 24.98744 
-1.45327 -1.86515 -6.02533 35.85311 
-0.60437 -0.85275 -6.09633 46.96119 
-0.64703 -1.57175 -6.00212 43.69100 
-8.07042 0.89448 -5.89150 50.89159 
-7.58315 0.77360 -5.62847 53.26623 
-1.42043 -4.57083 -8.59539 69.27166 
-2.64732 -2.45726 -9.16051 72.10553 
-1.06148 -3.64261 -8.05699 68.19276 
-2.14618 -2.83777 -10.81603 81.06197 
-1.51206 -4.16212 -9.60697 67.92479 
-1.02456 -7.45253 -8.13772 67.58279 
-1.02456 -7.45253 -8.13772 67.58279 
-1.02456 -7.45253 -8.13772 67.58279 
-1.02456 -7.45253 -8.13772 67.58279 
0.54158 -8.03611 -7.51089 62.07106 

-0.49220 -0.77781 -0.80367 -0.38219 
1.31291 -2.51001 -0.29848 -0.02582 
-0.03850 -1.61493 -0.83811 3.09779 
-1.19122 0.85415 -2.70136 6.92277 
-0.69460 0.85142 -1.04791 7.04672 
-0.11021 -1.01841 -2.95770 19.49778 
-0.28664 0.34714 -3.77094 27.91728 
-0.73188 0.78027 -3.67864 33.22040 
-1.51139 1.32295 -5.12261 34.48162 
-0.70031 -0.02806 -4.45899 36.67868 
-0.03436 -6.11912 -7.52087 57.97069 
0.90079 -4.65927 -7.16947 60.62224 
0.67451 -3.48290 -8.28670 73.31708 
0.49887 -4.85315 -5.91715 54.11369 
0.23464 -3.74819 -7.54947 66.04105 
-0.27681 0.03376 -7.91297 81.26246 
-0.14107 1.72104 -10.35798 84.12061 
0.03605 0.30540 -9.38642 86.52323 
-0.28131 0.85592 -10.06644 90.72419 
0.12869 -1.09185 -9.65091 78.52827 
-1.05813 -3.87294 -13.29170 114.64193 
-0.83368 -4.31422 -13.57400 121.49343 
-0.91125 -5.03023 -13.37190 118.19731 
-0.11532 -5.27645 -11.83595 107.29463 
-0.52355 -5.36736 -12.20451 105.10582 

