13.16114 0.00225 0.81338 -10.67548 
13.16114 0.00225 0.81338 -10.67548 
13.16114 0.00225 0.81338 -10.67548 
13.16114 0.00225 0.81338 -10.67548 
13.16114 0.00225 0.81338 -10.67548 
26.50013 0.00392 0.64797 -0.94862 
26.50013 0.00392 0.64797 -0.94862 
26.50013 0.00392 0.64797 -0.94862 
26.50013 0.00392 0.64797 -0.94862 
26.50013 0.00392 0.64797 -0.94862 
33.52533 0.00216 0.51291 4.75478 
33.52533 0.00216 0.51291 4.75478 
33.52533 0.00216 0.51291 4.75478 
33.52533 0.00216 0.51291 4.75478 
33.52533 0.00216 0.51291 4.75478 
32.01358 0.00206 -0.50419 26.78801 
32.01358 0.00206 -0.50419 26.78801 
32.01358 0.00206 -0.50419 26.78801 
32.01358 0.00206 -0.50419 26.78801 
32.01358 0.00206 -0.50419 26.78801 
34.68138 0.00196 -2.75386 77.69340 
34.68138 0.00196 -2.75386 77.69340 
34.68138 0.00196 -2.75386 77.69340 
34.68138 0.00196 -2.75386 77.69340 
34.68138 0.00196 -2.75386 77.69340 

12.28071 0.00373 0.80572 -9.97332 
12.28071 0.00373 0.80572 -9.97332 
12.28071 0.00373 0.80572 -9.97332 
12.28071 0.00373 0.80572 -9.97332 
12.28071 0.00373 0.80572 -9.97332 
21.61405 0.00539 0.25236 6.38212 
21.61405 0.00539 0.25236 6.38212 
21.61405 0.00539 0.25236 6.38212 
21.61405 0.00539 0.25236 6.38212 
21.61405 0.00539 0.25236 6.38212 
29.08073 0.00294 0.10905 12.60060 
29.08073 0.00294 0.10905 12.60060 
29.08073 0.00294 0.10905 12.60060 
29.08073 0.00294 0.10905 12.60060 
29.08073 0.00294 0.10905 12.60060 
23.21873 0.00392 -3.48119 86.59015 
23.21873 0.00392 -3.48119 86.59015 
23.21873 0.00392 -3.48119 86.59015 
23.21873 0.00392 -3.48119 86.59015 
23.21873 0.00392 -3.48119 86.59015 
35.10646 0.00422 -3.83925 98.78724 
35.10646 0.00422 -3.83925 98.78724 
35.10646 0.00422 -3.83925 98.78724 
35.10646 0.00422 -3.83925 98.78724 
35.10646 0.00422 -3.83925 98.78724 

14.53390 0.00441 0.96465 -11.56929 
14.53390 0.00441 0.96465 -11.56929 
14.53390 0.00441 0.96465 -11.56929 
14.53390 0.00441 0.96465 -11.56929 
14.53390 0.00441 0.96465 -11.56929 
21.84962 0.00471 0.16998 7.55326 
21.84962 0.00471 0.16998 7.55326 
21.84962 0.00471 0.16998 7.55326 
21.84962 0.00471 0.16998 7.55326 
21.84962 0.00471 0.16998 7.55326 
29.42545 0.00167 0.21570 9.59713 
29.42545 0.00167 0.21570 9.59713 
29.42545 0.00167 0.21570 9.59713 
29.42545 0.00167 0.21570 9.59713 
29.42545 0.00167 0.21570 9.59713 
27.34454 0.00294 -2.27760 58.58680 
27.34454 0.00294 -2.27760 58.58680 
27.34454 0.00294 -2.27760 58.58680 
27.34454 0.00294 -2.27760 58.58680 
27.34454 0.00294 -2.27760 58.58680 
43.95935 0.00314 -1.79571 54.45054 
43.95935 0.00314 -1.79571 54.45054 
43.95935 0.00314 -1.79571 54.45054 
43.95935 0.00314 -1.79571 54.45054 
43.95935 0.00314 -1.79571 54.45054 

11.87203 0.00451 0.80693 -9.65629 
11.87203 0.00451 0.80693 -9.65629 
11.87203 0.00451 0.80693 -9.65629 
11.87203 0.00451 0.80693 -9.65629 
11.87203 0.00451 0.80693 -9.65629 
16.26789 0.00471 -0.23947 12.90684 
16.26789 0.00471 -0.23947 12.90684 
16.26789 0.00471 -0.23947 12.90684 
16.26789 0.00471 -0.23947 12.90684 
16.26789 0.00471 -0.23947 12.90684 
18.99525 0.00157 -0.88235 26.68643 
18.99525 0.00157 -0.88235 26.68643 
18.99525 0.00157 -0.88235 26.68643 
18.99525 0.00157 -0.88235 26.68643 
18.99525 0.00157 -0.88235 26.68643 
20.15037 0.00265 -3.39363 76.46047 
20.15037 0.00265 -3.39363 76.46047 
20.15037 0.00265 -3.39363 76.46047 
20.15037 0.00265 -3.39363 76.46047 
20.15037 0.00265 -3.39363 76.46047 
27.65862 0.00412 -4.03770 91.87363 
27.65862 0.00412 -4.03770 91.87363 
27.65862 0.00412 -4.03770 91.87363 
27.65862 0.00412 -4.03770 91.87363 
27.65862 0.00412 -4.03770 91.87363 

12.15095 0.00480 0.82999 -9.32203 
12.15095 0.00480 0.82999 -9.32203 
12.15095 0.00480 0.82999 -9.32203 
12.15095 0.00480 0.82999 -9.32203 
12.15095 0.00480 0.82999 -9.32203 
14.36322 0.00451 -0.46674 15.90020 
14.36322 0.00451 -0.46674 15.90020 
14.36322 0.00451 -0.46674 15.90020 
14.36322 0.00451 -0.46674 15.90020 
14.36322 0.00451 -0.46674 15.90020 
18.42455 0.00186 -1.07570 28.98147 
18.42455 0.00186 -1.07570 28.98147 
18.42455 0.00186 -1.07570 28.98147 
18.42455 0.00186 -1.07570 28.98147 
18.42455 0.00186 -1.07570 28.98147 
22.28776 0.00412 -3.34093 72.74505 
22.28776 0.00412 -3.34093 72.74505 
22.28776 0.00412 -3.34093 72.74505 
22.28776 0.00412 -3.34093 72.74505 
22.28776 0.00412 -3.34093 72.74505 
24.03776 0.00490 -4.82770 101.10426 
24.03776 0.00490 -4.82770 101.10426 
24.03776 0.00490 -4.82770 101.10426 
24.03776 0.00490 -4.82770 101.10426 
24.03776 0.00490 -4.82770 101.10426 

