106814.080809 3.354164 0.762199 0.202749 
121088.795088 3.176224 0.770221 0.213235 
119035.027667 2.901637 0.774559 0.195844 
109180.707631 3.275571 0.762064 0.217828 
121553.674642 2.975432 0.747174 0.211184 
106999.967417 3.698742 0.750000 0.216033 
117089.116483 3.608521 0.760025 0.219298 
112285.219207 3.569789 0.732580 0.233522 
118521.324833 3.108478 0.704965 0.266166 
104976.499103 3.815676 0.698665 0.257470 
110254.476294 3.861319 0.693677 0.260282 
104958.223558 3.196831 0.707712 0.267012 
107318.010188 3.526012 0.667266 0.308753 
107468.761424 3.900726 0.654967 0.304581 
98838.664065 4.253462 0.713109 0.251887 
102386.071207 4.039458 0.672727 0.305956 

119045.923626 3.258273 0.792367 0.174644 
110728.532599 3.261590 0.758235 0.210145 
105800.001437 3.364946 0.736308 0.232590 
102004.456920 3.351536 0.759114 0.205147 
100897.127678 3.169251 0.770803 0.208029 
110576.083566 3.224796 0.756402 0.210112 
102555.736441 3.431967 0.749650 0.218881 
105104.784378 4.140863 0.703922 0.256209 
98901.749584 3.734466 0.711841 0.268994 
109387.976481 3.600904 0.717965 0.257538 
109209.641073 3.220546 0.701743 0.276463 
104653.829450 3.747279 0.702320 0.269330 
97143.391899 3.973458 0.680268 0.292977 
96318.279339 3.915462 0.664272 0.303070 
98298.119752 3.614216 0.633560 0.328192 
106424.748429 3.828936 0.659524 0.306548 

119245.305660 2.592668 0.805647 0.186474 
110032.387819 3.235668 0.774390 0.192412 
111378.323225 3.237404 0.771580 0.200531 
105322.711822 3.325772 0.760702 0.211930 
103967.560322 3.591057 0.747426 0.243651 
108645.352420 3.325075 0.749001 0.214381 
109269.410381 3.002408 0.739896 0.230117 
107875.072412 3.534912 0.734641 0.240523 
104842.321826 3.396635 0.696737 0.270633 
100369.629427 3.834081 0.696511 0.265964 
100501.786474 3.699748 0.694870 0.275150 
101057.640113 3.393192 0.709852 0.259784 
99263.693705 4.046650 0.666667 0.286731 
111229.430427 3.812287 0.674594 0.278422 
109164.291073 3.795618 0.639752 0.323546 
93831.768599 3.663914 0.636305 0.325850 

118173.741346 2.873251 0.757404 0.209830 
107972.201390 3.218554 0.802268 0.161588 
107481.218463 3.113144 0.774756 0.209902 
107467.146003 3.002665 0.769336 0.188912 
104808.236364 3.126600 0.734859 0.231494 
111070.619162 3.303956 0.725157 0.238994 
117348.286493 3.195749 0.725150 0.237126 
104545.342317 3.786078 0.727634 0.239894 
100676.403514 3.342589 0.708447 0.263624 
109741.669223 3.277273 0.694175 0.275485 
98075.567138 3.435293 0.727465 0.254930 
108910.778727 3.544914 0.735849 0.223162 
107272.312811 4.040772 0.673861 0.289568 
107112.433401 3.488925 0.681790 0.287554 
105509.288074 3.664714 0.670815 0.303671 
99079.751794 3.623416 0.672258 0.298065 

109733.801345 3.215427 0.744997 0.220142 
112548.384634 3.227293 0.781061 0.197448 
124018.234384 3.167217 0.786935 0.184371 
118537.321267 3.077552 0.744329 0.213366 
114855.169669 2.981630 0.755945 0.215895 
133195.302625 2.771677 0.751777 0.220886 
111884.224979 2.983468 0.730280 0.249364 
95572.865059 3.448737 0.794564 0.192646 
108756.774142 2.870657 0.687965 0.282878 
108245.556952 3.199578 0.686850 0.267890 
94955.300628 3.989156 0.722585 0.238925 
111157.171953 3.417181 0.676573 0.289627 
104843.138822 3.710232 0.640515 0.316745 
101337.081343 3.821874 0.696335 0.272251 
116508.407286 3.248039 0.684510 0.276765 
111498.639928 3.376514 0.683932 0.268393 

