121681.584293 3.250375 0.804612 0.161435 
119242.226158 3.342455 0.797176 0.176508 
110021.965960 3.496611 0.777778 0.196159 
122147.798045 3.068416 0.765312 0.197696 
105193.723632 3.241821 0.792754 0.182609 
125211.638107 2.714630 0.772727 0.198182 
127994.562137 2.746384 0.778040 0.190083 
106623.019966 3.552154 0.780057 0.182461 
119745.077394 3.056689 0.792283 0.180064 
120855.341898 2.943594 0.786120 0.188013 
120147.527707 3.042454 0.792550 0.199743 
106651.175388 3.304945 0.798132 0.198276 
115851.654681 3.451221 0.766409 0.204633 
112132.232943 3.083416 0.780554 0.179608 
114186.398353 3.212142 0.786907 0.178357 
111063.203805 3.191156 0.781781 0.190347 

116518.328737 2.901184 0.774069 0.189987 
117511.973578 3.095941 0.751847 0.210591 
119313.711456 3.126321 0.768421 0.193808 
111931.888012 2.851519 0.751782 0.224887 
122155.065900 2.770711 0.793621 0.184490 
114177.937431 3.092224 0.807114 0.184679 
104332.960288 3.041790 0.756303 0.217787 
112435.924705 2.854970 0.795516 0.186821 
117704.772261 3.247500 0.770356 0.209288 
117650.304339 2.998600 0.768699 0.198617 
110224.672571 3.350669 0.809289 0.165376 
123214.038371 3.075516 0.816956 0.163134 
106738.492958 3.480227 0.762238 0.214685 
114043.793809 3.426290 0.792781 0.187834 
114587.101407 3.246408 0.793173 0.193440 
107079.719167 3.353350 0.793866 0.174037 

101848.524446 3.643291 0.785081 0.188331 
113847.948479 2.957601 0.774574 0.188073 
108068.372485 2.838762 0.795615 0.181047 
110096.115886 3.162383 0.776949 0.189831 
109326.563523 2.919652 0.771273 0.189925 
114836.338672 2.831936 0.805687 0.161814 
114852.698564 2.815770 0.771391 0.196604 
109368.004195 3.176806 0.782877 0.190411 
120058.154042 3.253923 0.788474 0.186194 
118293.504748 2.863084 0.785668 0.194788 
127148.145704 2.761580 0.775790 0.184258 
114350.597391 3.166261 0.782152 0.180446 
113044.111469 2.847331 0.779264 0.199331 
127815.477523 2.757893 0.796285 0.173158 
122387.315393 2.984928 0.771586 0.199020 
117105.065473 2.872984 0.766119 0.195322 

115900.709678 3.057294 0.778210 0.186770 
102097.436003 3.234832 0.804217 0.164157 
105736.620777 3.054902 0.773174 0.200140 
126131.589459 2.818442 0.761737 0.201291 
111919.388504 2.955735 0.787449 0.182861 
106661.925445 3.357238 0.804913 0.166185 
115825.842325 2.722205 0.792216 0.173483 
103884.475950 3.668604 0.774217 0.192308 
112565.629673 3.113805 0.796610 0.172881 
98842.545968 3.138825 0.787432 0.195500 
106579.560477 3.208192 0.792199 0.193617 
113960.625535 3.130261 0.779895 0.192510 
114060.192374 2.888125 0.780472 0.195282 
113004.006068 2.962674 0.771203 0.198554 
119453.409682 3.104985 0.800385 0.165597 
119950.410428 2.728723 0.769762 0.203262 

107669.586135 3.197796 0.762228 0.202446 
107766.371275 3.307192 0.764423 0.201923 
119424.820041 2.796979 0.812293 0.163913 
101791.505198 3.162155 0.782258 0.189150 
104677.720147 3.396517 0.783262 0.193848 
105010.578709 3.121768 0.785869 0.193223 
102870.206719 3.191069 0.806015 0.188722 
107278.146393 3.496056 0.817518 0.155474 
126987.071845 2.762749 0.752192 0.213326 
110254.145030 3.071564 0.794854 0.164117 
112833.817355 2.889692 0.777254 0.202557 
106783.227477 3.079021 0.792439 0.184023 
111936.264756 3.045899 0.793618 0.169043 
113628.597667 3.173092 0.790107 0.171123 
101936.441754 3.183672 0.766234 0.202742 
110229.895488 2.875574 0.791433 0.193820 

