0.35471 0.55683 -0.83457 5.79750 
35.82465 3.10761 -1.02374 14.95796 
49.44246 4.67484 -1.22931 11.51334 
56.38961 6.48318 -0.48932 7.41245 
55.09968 7.53179 -0.60855 7.47596 
1.60806 0.55683 -1.32325 18.69292 
69.17747 4.02247 0.64325 -8.57376 
52.77326 5.60653 -1.52999 14.61320 
65.12701 6.37855 0.09127 -3.23293 
60.53856 7.74060 -0.26159 4.19767 
36.37026 1.17963 0.22752 -5.67653 
46.17891 3.66763 -0.57331 8.59796 
53.54740 5.78941 -0.10230 1.94762 
43.59806 6.88079 -1.11255 16.21000 
69.49086 7.28522 -0.79794 9.40241 
35.89967 2.23916 -0.34021 5.30757 
58.32069 4.30180 -0.48343 0.97683 
70.06361 5.90906 -0.36539 2.40731 
74.57026 7.03137 -0.47036 4.84183 
76.07948 7.75197 0.07895 -1.18248 
36.82707 4.33364 -1.96072 28.18303 
59.46341 5.00148 -1.62287 19.04978 
62.19957 6.07693 -1.60776 18.91066 
74.86277 6.70200 -0.17407 -1.36394 
79.55235 7.81248 -0.24166 3.91641 

65.94450 1.51484 -0.28277 3.68210 
84.90377 2.10924 0.12523 -3.29791 
76.06404 2.73605 -2.21303 10.57797 
84.15015 2.80254 -0.50523 6.57898 
84.15015 2.80254 -0.50523 6.57898 
49.37790 1.37351 -0.99765 12.98971 
98.61837 2.92767 0.57006 -7.42309 
107.85580 2.81756 0.26511 -6.91831 
107.85580 2.81756 0.26511 -6.91831 
107.85580 2.81756 0.26511 -6.91831 
67.08810 1.40473 -0.49511 6.44718 
72.77073 3.34165 -0.33725 4.39160 
82.22780 4.70944 -1.21538 12.48493 
83.88050 4.52306 -0.62648 2.05558 
83.88050 4.52306 -0.62648 2.05558 
68.82279 1.63257 -0.06525 -6.44157 
109.73241 2.99416 1.64211 -21.38310 
65.22285 4.73327 -1.54477 20.11554 
91.63377 4.77641 -0.50911 5.56381 
91.63377 4.77641 -0.50911 5.56381 
78.44963 2.52370 -0.49533 6.44998 
83.40172 2.86308 -0.45861 5.97044 
139.64852 4.48231 1.78662 -25.00911 
139.96656 5.50165 0.36019 -21.00451 
135.80981 5.11651 0.99173 -14.67231 

26.92632 0.38309 -0.83078 8.89356 
26.92632 0.38309 -0.83078 8.89356 
26.92632 0.38309 -0.83078 8.89356 
26.92632 0.38309 -0.83078 8.89356 
26.92632 0.38309 -0.83078 8.89356 
54.64067 0.75762 -1.57253 18.30680 
54.64067 0.75762 -1.57253 18.30680 
54.64067 0.75762 -1.57253 18.30680 
54.64067 0.75762 -1.57253 18.30680 
54.64067 0.75762 -1.57253 18.30680 
26.07206 1.07632 -2.98128 51.95710 
34.22220 1.13119 -2.99967 52.28144 
34.22220 1.13119 -2.99967 52.28144 
34.22220 1.13119 -2.99967 52.28144 
34.22220 1.13119 -2.99967 52.28144 
38.55531 1.68613 -3.40708 59.38007 
42.28891 2.51185 -2.41759 37.23279 
46.96815 2.78746 -2.04909 35.71429 
46.96815 2.78746 -2.04909 35.71429 
46.96815 2.78746 -2.04909 35.71429 
30.83742 1.83846 -2.93422 51.13888 
79.88890 2.88638 -2.17312 33.98939 
94.55664 3.54993 -1.52590 19.36090 
94.55664 3.54993 -1.52590 19.36090 
94.55664 3.54993 -1.52590 19.36090 

77.12394 0.96582 1.11309 -10.91210 
88.01552 1.19331 1.76869 -15.60964 
88.01552 1.19331 1.76869 -15.60964 
88.01552 1.19331 1.76869 -15.60964 
88.01552 1.19331 1.76869 -15.60964 
76.87772 0.97241 1.84448 -12.40312 
76.87772 0.97241 1.84448 -12.40312 
76.87772 0.97241 1.84448 -12.40312 
76.87772 0.97241 1.84448 -12.40312 
76.87772 0.97241 1.84448 -12.40312 
100.83702 0.82860 0.48741 -10.83176 
112.23927 0.93899 1.95327 -16.24527 
112.23927 0.93899 1.95327 -16.24527 
112.23927 0.93899 1.95327 -16.24527 
112.23927 0.93899 1.95327 -16.24527 
89.73855 1.24015 -0.83743 12.52127 
134.05427 1.98947 1.04478 -10.22684 
134.05427 1.98947 1.04478 -10.22684 
134.05427 1.98947 1.04478 -10.22684 
134.05427 1.98947 1.04478 -10.22684 
88.83252 1.79491 1.28161 -20.30482 
152.23230 2.37309 3.34620 -30.05435 
152.23230 2.37309 3.34620 -30.05435 
152.23230 2.37309 3.34620 -30.05435 
152.23230 2.37309 3.34620 -30.05435 

68.56354 0.18590 2.05259 -14.12446 
68.56354 0.18590 2.05259 -14.12446 
68.56354 0.18590 2.05259 -14.12446 
68.56354 0.18590 2.05259 -14.12446 
68.56354 0.18590 2.05259 -14.12446 
51.40957 0.31449 -0.00607 -31.72801 
51.40957 0.31449 -0.00607 -31.72801 
51.40957 0.31449 -0.00607 -31.72801 
51.40957 0.31449 -0.00607 -31.72801 
51.40957 0.31449 -0.00607 -31.72801 
74.65595 0.45235 2.70506 -20.80666 
68.03212 0.47754 2.60810 -19.81360 
68.03212 0.47754 2.60810 -19.81360 
68.03212 0.47754 2.60810 -19.81360 
68.03212 0.47754 2.60810 -19.81360 
81.31757 0.80453 3.49922 -28.93886 
74.24296 1.21431 2.66320 -20.37686 
74.24296 1.21431 2.66320 -20.37686 
74.24296 1.21431 2.66320 -20.37686 
74.24296 1.21431 2.66320 -20.37686 
62.44853 1.15690 1.58577 -9.34467 
94.24042 1.88840 2.86122 -25.14534 
94.24042 1.88840 2.86122 -25.14534 
94.24042 1.88840 2.86122 -25.14534 
94.24042 1.88840 2.86122 -25.14534 

