491360.491284 1.033759 0.881210 0.046076 5.000000
491360.491284 1.033759 0.881210 0.046076 5.000000
491360.491284 1.033759 0.881210 0.046076 5.000000
491360.491284 1.033759 0.881210 0.046076 5.000000
491360.491284 1.033759 0.881210 0.046076 5.000000
623078.370378 1.038866 0.880354 0.043975 6.000000
623078.370378 1.038866 0.880354 0.043975 6.000000
623078.370378 1.038866 0.880354 0.043975 6.000000
623078.370378 1.038866 0.880354 0.043975 6.000000
623078.370378 1.038866 0.880354 0.043975 6.000000
703001.587585 1.058151 0.879888 0.044439 7.000000
708811.059310 1.063170 0.885649 0.040822 7.000000
708811.059310 1.063170 0.885649 0.040822 7.000000
708811.059310 1.063170 0.885649 0.040822 7.000000
708811.059310 1.063170 0.885649 0.040822 7.000000
688605.517551 1.105499 0.885297 0.039364 6.000000
688605.517551 1.105499 0.885297 0.039364 6.000000
688605.517551 1.105499 0.885297 0.039364 6.000000
674873.504258 1.109126 0.887290 0.037570 7.000000
674873.504258 1.109126 0.887290 0.037570 7.000000
668231.108013 1.190797 0.886620 0.057227 7.000000
668231.108013 1.190797 0.886620 0.057227 7.000000
668231.108013 1.190797 0.886620 0.057227 7.000000
668231.108013 1.190797 0.886620 0.057227 7.000000
668231.108013 1.190797 0.886620 0.057227 7.000000

507207.593168 1.035600 0.872363 0.046351 6.000000
507207.593168 1.035600 0.872363 0.046351 6.000000
507207.593168 1.035600 0.872363 0.046351 6.000000
507207.593168 1.035600 0.872363 0.046351 6.000000
507207.593168 1.035600 0.872363 0.046351 6.000000
591265.182055 1.042669 0.898649 0.040541 6.000000
591265.182055 1.042669 0.898649 0.040541 6.000000
591265.182055 1.042669 0.898649 0.040541 6.000000
591265.182055 1.042669 0.898649 0.040541 6.000000
591265.182055 1.042669 0.898649 0.040541 6.000000
643592.868064 1.049209 0.880055 0.042659 7.000000
642497.068024 1.049547 0.876243 0.043370 7.000000
642497.068024 1.049547 0.876243 0.043370 7.000000
642497.068024 1.049547 0.876243 0.043370 7.000000
642497.068024 1.049547 0.876243 0.043370 7.000000
700796.059383 1.065925 0.877764 0.047014 7.000000
700796.059383 1.065925 0.877764 0.047014 7.000000
696606.575994 1.065905 0.873347 0.048576 7.000000
699936.945481 1.067920 0.872976 0.048583 7.000000
699071.113075 1.067036 0.875731 0.046760 7.000000
704895.189970 1.121667 0.878320 0.045282 8.000000
704895.189970 1.121667 0.878320 0.045282 8.000000
704895.189970 1.121667 0.878320 0.045282 8.000000
704895.189970 1.121667 0.878320 0.045282 8.000000
704895.189970 1.121667 0.878320 0.045282 8.000000

513250.772111 1.036512 0.873673 0.044848 6.000000
513250.772111 1.036512 0.873673 0.044848 6.000000
513250.772111 1.036512 0.873673 0.044848 6.000000
513250.772111 1.036512 0.873673 0.044848 6.000000
513250.772111 1.036512 0.873673 0.044848 6.000000
601576.310266 1.041915 0.880248 0.048492 6.000000
602212.538371 1.041889 0.881657 0.047337 6.000000
602212.538371 1.041889 0.881657 0.047337 6.000000
602212.538371 1.041889 0.881657 0.047337 6.000000
602212.538371 1.041889 0.881657 0.047337 6.000000
684974.972077 1.049854 0.882906 0.044694 7.000000
691861.760295 1.051924 0.885974 0.042078 7.000000
691861.760295 1.051924 0.885744 0.042327 7.000000
691861.760295 1.051924 0.885744 0.042327 7.000000
691861.760295 1.051924 0.885744 0.042327 7.000000
703958.440357 1.071625 0.884498 0.041305 7.000000
705567.949958 1.069432 0.880030 0.044546 8.000000
705567.949958 1.069432 0.880030 0.044546 8.000000
704323.802819 1.068573 0.877845 0.047041 7.000000
705567.226801 1.068195 0.879585 0.046041 7.000000
719946.346732 1.156758 0.880338 0.044935 7.000000
719946.346732 1.156758 0.880338 0.044935 7.000000
719103.890285 1.153926 0.874568 0.047407 7.000000
719103.890285 1.153926 0.874568 0.047407 7.000000
719103.890285 1.153926 0.874568 0.047407 7.000000

438484.866765 1.040138 0.859780 0.055774 5.000000
438484.866765 1.040138 0.859780 0.055774 5.000000
438484.866765 1.040138 0.859780 0.055774 5.000000
438484.866765 1.040138 0.859780 0.055774 5.000000
438484.866765 1.040138 0.859780 0.055774 5.000000
603025.549228 1.071367 0.881016 0.047535 6.000000
607163.539563 1.069193 0.879649 0.047145 6.000000
607163.539563 1.069193 0.879649 0.047145 6.000000
607163.539563 1.069193 0.879649 0.047145 6.000000
607163.539563 1.069193 0.879649 0.047145 6.000000
603670.809104 1.068122 0.865797 0.049275 7.000000
589482.291052 1.071309 0.861316 0.053998 6.000000
589482.291052 1.071309 0.861316 0.053998 6.000000
589482.291052 1.071309 0.861316 0.053998 6.000000
589482.291052 1.071309 0.861316 0.053998 6.000000
692428.156218 1.063455 0.877346 0.048084 7.000000
681463.768241 1.070352 0.880241 0.047694 6.000000
693871.739492 1.075400 0.875320 0.048387 7.000000
693905.727816 1.075382 0.876442 0.046142 7.000000
693879.919875 1.075643 0.877342 0.046703 7.000000
699326.014620 1.166191 0.869927 0.046635 7.000000
708685.505800 1.177034 0.881270 0.044618 7.000000
708268.421121 1.177702 0.878110 0.047248 7.000000
708268.421121 1.177702 0.878110 0.047248 7.000000
708268.421121 1.177702 0.878110 0.047248 7.000000

396884.952955 1.040458 0.855608 0.059304 5.000000
396884.952955 1.040458 0.855608 0.059304 5.000000
396884.952955 1.040458 0.855608 0.059304 5.000000
396884.952955 1.040458 0.855608 0.059304 5.000000
396884.952955 1.040458 0.855608 0.059304 5.000000
486978.939038 1.041569 0.867857 0.051071 6.000000
486978.939038 1.041569 0.867857 0.051071 6.000000
486978.939038 1.041569 0.867857 0.051071 6.000000
486978.939038 1.041569 0.867857 0.051071 6.000000
486978.939038 1.041569 0.867857 0.051071 6.000000
647101.988057 1.053731 0.881720 0.044114 6.000000
642317.855720 1.052331 0.879014 0.045127 6.000000
642317.855720 1.052331 0.879014 0.045127 6.000000
642317.855720 1.052331 0.879014 0.045127 6.000000
642317.855720 1.052331 0.879014 0.045127 6.000000
650868.357306 1.072185 0.877456 0.045579 7.000000
635649.498668 1.063301 0.863824 0.053370 6.000000
658102.337874 1.068838 0.878550 0.046254 6.000000
658102.337874 1.068838 0.878550 0.046254 6.000000
658102.337874 1.068838 0.878550 0.046254 6.000000
694362.508205 1.135554 0.882565 0.044038 7.000000
696828.128181 1.133149 0.875286 0.047086 7.000000
699970.883950 1.143185 0.881797 0.040592 7.000000
699970.883950 1.143185 0.881797 0.040592 7.000000
695578.470089 1.130655 0.875989 0.045930 7.000000

