466058.833062 1.031637 0.872141 0.049869 6.000000
466058.833062 1.031637 0.872141 0.049869 6.000000
466058.833062 1.031637 0.872141 0.049869 6.000000
466058.833062 1.031637 0.872141 0.049869 6.000000
466058.833062 1.031637 0.872141 0.049869 6.000000
466058.833062 1.031637 0.872141 0.049869 6.000000
466058.833062 1.031637 0.872141 0.049869 6.000000
466058.833062 1.031637 0.872141 0.049869 6.000000
466058.833062 1.031637 0.872141 0.049869 6.000000
466058.833062 1.031637 0.872141 0.049869 6.000000
466058.833062 1.031637 0.872141 0.049869 6.000000
466058.833062 1.031637 0.872141 0.049869 6.000000
466058.833062 1.031637 0.872141 0.049869 6.000000
466058.833062 1.031637 0.872141 0.049869 6.000000
466058.833062 1.031637 0.872141 0.049869 6.000000
466058.833062 1.031637 0.872141 0.049869 6.000000
466058.833062 1.031637 0.872141 0.049869 6.000000
466058.833062 1.031637 0.872141 0.049869 6.000000
466058.833062 1.031637 0.872141 0.049869 6.000000
466058.833062 1.031637 0.872141 0.049869 6.000000
466058.833062 1.031637 0.872141 0.049869 6.000000
466058.833062 1.031637 0.872141 0.049869 6.000000
466058.833062 1.031637 0.872141 0.049869 6.000000
466058.833062 1.031637 0.872141 0.049869 6.000000
466058.833062 1.031637 0.872141 0.049869 6.000000

444003.452094 1.031762 0.868679 0.053312 5.000000
444003.452094 1.031762 0.868679 0.053312 5.000000
444003.452094 1.031762 0.868679 0.053312 5.000000
444003.452094 1.031762 0.868679 0.053312 5.000000
444003.452094 1.031762 0.868679 0.053312 5.000000
444003.452094 1.031762 0.868679 0.053312 5.000000
444003.452094 1.031762 0.868679 0.053312 5.000000
444003.452094 1.031762 0.868679 0.053312 5.000000
444003.452094 1.031762 0.868679 0.053312 5.000000
444003.452094 1.031762 0.868679 0.053312 5.000000
444003.452094 1.031762 0.868679 0.053312 5.000000
444003.452094 1.031762 0.868679 0.053312 5.000000
444003.452094 1.031762 0.868679 0.053312 5.000000
444003.452094 1.031762 0.868679 0.053312 5.000000
444003.452094 1.031762 0.868679 0.053312 5.000000
444003.452094 1.031762 0.868679 0.053312 5.000000
444003.452094 1.031762 0.868679 0.053312 5.000000
444003.452094 1.031762 0.868679 0.053312 5.000000
444003.452094 1.031762 0.868679 0.053312 5.000000
444003.452094 1.031762 0.868679 0.053312 5.000000
444003.452094 1.031762 0.868679 0.053312 5.000000
444003.452094 1.031762 0.868679 0.053312 5.000000
444003.452094 1.031762 0.868679 0.053312 5.000000
444003.452094 1.031762 0.868679 0.053312 5.000000
444003.452094 1.031762 0.868679 0.053312 5.000000

501792.219819 1.033539 0.872162 0.046105 5.000000
501792.219819 1.033539 0.872162 0.046105 5.000000
501792.219819 1.033539 0.872162 0.046105 5.000000
501792.219819 1.033539 0.872162 0.046105 5.000000
501792.219819 1.033539 0.872162 0.046105 5.000000
501792.219819 1.033539 0.872162 0.046105 5.000000
501792.219819 1.033539 0.872162 0.046105 5.000000
501792.219819 1.033539 0.872162 0.046105 5.000000
501792.219819 1.033539 0.872162 0.046105 5.000000
501792.219819 1.033539 0.872162 0.046105 5.000000
501792.219819 1.033539 0.872162 0.046105 5.000000
501792.219819 1.033539 0.872162 0.046105 5.000000
501792.219819 1.033539 0.872162 0.046105 5.000000
501792.219819 1.033539 0.872162 0.046105 5.000000
501792.219819 1.033539 0.872162 0.046105 5.000000
501792.219819 1.033539 0.872162 0.046105 5.000000
501792.219819 1.033539 0.872162 0.046105 5.000000
501792.219819 1.033539 0.872162 0.046105 5.000000
501792.219819 1.033539 0.872162 0.046105 5.000000
501792.219819 1.033539 0.872162 0.046105 5.000000
501792.219819 1.033539 0.872162 0.046105 5.000000
501792.219819 1.033539 0.872162 0.046105 5.000000
501792.219819 1.033539 0.872162 0.046105 5.000000
501792.219819 1.033539 0.872162 0.046105 5.000000
501792.219819 1.033539 0.872162 0.046105 5.000000

458219.389884 1.038440 0.878124 0.054594 5.000000
458219.389884 1.038440 0.878124 0.054594 5.000000
458219.389884 1.038440 0.878124 0.054594 5.000000
458219.389884 1.038440 0.878124 0.054594 5.000000
458219.389884 1.038440 0.878124 0.054594 5.000000
458219.389884 1.038440 0.878124 0.054594 5.000000
458219.389884 1.038440 0.878124 0.054594 5.000000
458219.389884 1.038440 0.878124 0.054594 5.000000
458219.389884 1.038440 0.878124 0.054594 5.000000
458219.389884 1.038440 0.878124 0.054594 5.000000
458219.389884 1.038440 0.878124 0.054594 5.000000
458219.389884 1.038440 0.878124 0.054594 5.000000
458219.389884 1.038440 0.878124 0.054594 5.000000
458219.389884 1.038440 0.878124 0.054594 5.000000
458219.389884 1.038440 0.878124 0.054594 5.000000
458219.389884 1.038440 0.878124 0.054594 5.000000
458219.389884 1.038440 0.878124 0.054594 5.000000
458219.389884 1.038440 0.878124 0.054594 5.000000
458219.389884 1.038440 0.878124 0.054594 5.000000
458219.389884 1.038440 0.878124 0.054594 5.000000
458219.389884 1.038440 0.878124 0.054594 5.000000
458219.389884 1.038440 0.878124 0.054594 5.000000
458219.389884 1.038440 0.878124 0.054594 5.000000
458219.389884 1.038440 0.878124 0.054594 5.000000
458219.389884 1.038440 0.878124 0.054594 5.000000

351139.278103 1.040488 0.847514 0.061185 5.000000
351139.278103 1.040488 0.847514 0.061185 5.000000
351139.278103 1.040488 0.847514 0.061185 5.000000
351139.278103 1.040488 0.847514 0.061185 5.000000
351139.278103 1.040488 0.847514 0.061185 5.000000
351139.278103 1.040488 0.847514 0.061185 5.000000
351139.278103 1.040488 0.847514 0.061185 5.000000
351139.278103 1.040488 0.847514 0.061185 5.000000
351139.278103 1.040488 0.847514 0.061185 5.000000
351139.278103 1.040488 0.847514 0.061185 5.000000
351139.278103 1.040488 0.847514 0.061185 5.000000
351139.278103 1.040488 0.847514 0.061185 5.000000
351139.278103 1.040488 0.847514 0.061185 5.000000
351139.278103 1.040488 0.847514 0.061185 5.000000
351139.278103 1.040488 0.847514 0.061185 5.000000
351139.278103 1.040488 0.847514 0.061185 5.000000
351139.278103 1.040488 0.847514 0.061185 5.000000
351139.278103 1.040488 0.847514 0.061185 5.000000
351139.278103 1.040488 0.847514 0.061185 5.000000
351139.278103 1.040488 0.847514 0.061185 5.000000
351139.278103 1.040488 0.847514 0.061185 5.000000
351139.278103 1.040488 0.847514 0.061185 5.000000
351139.278103 1.040488 0.847514 0.061185 5.000000
351139.278103 1.040488 0.847514 0.061185 5.000000
351139.278103 1.040488 0.847514 0.061185 5.000000

