315347.359872 1.537862 0.868503 0.107064 0.119384
274065.002503 2.056337 0.822169 0.120482 0.136447
265637.448081 2.101270 0.827038 0.148608 0.137206
233957.651325 2.020579 0.819452 0.152040 0.153405
262005.300377 1.353109 0.863978 0.127957 0.139098
331639.409425 1.784309 0.847458 0.107896 0.112852
276643.426561 2.098816 0.807620 0.124177 0.135468
312953.963222 2.125439 0.865133 0.112765 0.120286
320691.490991 1.972423 0.884290 0.089453 0.118558
319995.108777 2.263991 0.887399 0.076408 0.118855
328120.636524 1.961606 0.863230 0.086493 0.116003
334967.859944 2.133026 0.874203 0.103697 0.114233
312031.530139 2.364815 0.858356 0.104558 0.120052
294252.026202 1.736940 0.861502 0.092019 0.126252
303482.378729 1.998861 0.861785 0.103890 0.124075
287261.964424 1.558915 0.831534 0.138433 0.129511

278966.297785 3.124957 0.784404 0.161009 0.268253
276716.846140 1.954587 0.796642 0.168377 0.267491
292014.620742 3.128942 0.822883 0.142792 0.260355
274303.820587 2.565993 0.808654 0.129327 0.267496
273046.713808 2.453822 0.815586 0.168441 0.268847
289938.230589 2.594080 0.800000 0.140312 0.255867
275341.419551 2.330838 0.853548 0.108203 0.277009
251651.879443 2.349930 0.795825 0.146130 0.292100
310588.312553 2.255696 0.852561 0.087305 0.247899
282885.204949 2.944653 0.815278 0.125463 0.266465
278128.732521 2.561204 0.845174 0.125919 0.268174
298762.625350 2.227241 0.836438 0.110404 0.252645
275032.244345 1.895620 0.816386 0.146024 0.270115
288351.603090 3.759727 0.812529 0.143118 0.258790
365176.723764 2.201252 0.823421 0.147396 0.210212
273544.613753 2.930731 0.800379 0.183973 0.267596

286999.299439 2.148182 0.852011 0.097222 0.391280
257527.698924 2.922708 0.789916 0.144340 0.427618
299686.165363 2.302684 0.865854 0.120075 0.377599
274669.231864 3.554793 0.781393 0.170486 0.404457
316121.534476 2.987671 0.852774 0.113150 0.358806
304537.094179 2.213852 0.846814 0.115680 0.370882
259415.933106 2.654881 0.805791 0.152771 0.416902
290123.591831 1.774251 0.793609 0.158899 0.391473
290098.531742 2.747579 0.778649 0.176906 0.389843
330354.662852 2.482495 0.831967 0.121721 0.344102
319415.533815 2.869179 0.827469 0.123357 0.368572
294656.993896 2.756597 0.793478 0.159130 0.383316
279074.703114 2.721524 0.794090 0.117729 0.412433
276710.303998 2.565503 0.828307 0.133268 0.408856
287453.755866 3.201085 0.765491 0.169105 0.390165
251995.645835 2.348378 0.834941 0.142551 0.433430

254136.388799 2.752394 0.802041 0.158673 0.580705
275678.559192 2.929173 0.790419 0.162137 0.541068
258955.365397 4.282043 0.804621 0.151683 0.578078
260302.690839 2.957408 0.796241 0.143422 0.571006
308691.893249 2.605117 0.828746 0.107907 0.495141
264075.044671 3.455979 0.789142 0.160931 0.579883
276164.890399 3.434400 0.820961 0.123726 0.552404
247276.794645 2.788584 0.815368 0.149947 0.605365
361923.277231 2.444440 0.853133 0.103806 0.431363
332640.777469 2.180355 0.841152 0.118930 0.466149
310654.619880 2.914832 0.804137 0.116927 0.491556
250440.422254 3.026353 0.779678 0.155936 0.589509
268841.650825 2.300161 0.802885 0.159135 0.557885
252145.206812 3.649055 0.809425 0.132574 0.594111
243399.499204 2.550926 0.743615 0.188605 0.607378
290374.509363 2.287238 0.799015 0.151298 0.522529

263015.726329 2.769406 0.794796 0.153657 0.723126
268099.057300 2.768576 0.778824 0.179294 0.690510
240858.116913 3.859142 0.763265 0.162245 0.772448
261788.402084 3.542853 0.774163 0.143062 0.711001
270143.883942 3.275963 0.830846 0.120896 0.688862
231453.824467 3.060147 0.762080 0.171218 0.795696
257822.683515 3.551859 0.749413 0.186767 0.725214
241875.210478 3.218636 0.765182 0.182186 0.749006
250438.391077 4.270957 0.742461 0.177597 0.749562
271536.343974 2.736802 0.798664 0.109733 0.701132
236557.016653 2.331598 0.784345 0.173589 0.776020
306873.639249 2.815064 0.785358 0.144343 0.631370
267363.450927 2.691968 0.803519 0.128055 0.701273
291637.262273 2.538953 0.831706 0.144119 0.652672
190563.774721 2.304531 0.693925 0.250584 0.952794
242823.520240 3.354969 0.764079 0.157281 0.780214

