303965.482762 0.488320 0.889474 0.100957 0.120103
313432.508099 1.182832 0.903918 0.065765 0.121352
432237.860540 0.832372 0.922516 0.061849 0.090792
325193.424430 0.815641 0.910665 0.074749 0.119008
319063.935078 1.000766 0.901184 0.076958 0.117680
318429.691720 1.340177 0.903285 0.067518 0.116263
337044.629746 0.912575 0.892995 0.091104 0.113510
325698.338493 1.254412 0.903975 0.077267 0.115890
294394.476320 0.748114 0.913394 0.074018 0.126931
359479.893469 0.800169 0.905993 0.077176 0.107693
309024.950429 1.486242 0.901515 0.089962 0.121614
280166.421946 0.917308 0.884537 0.096643 0.131776
290632.268226 1.179268 0.884634 0.078056 0.126266
315090.984950 1.114201 0.892152 0.082148 0.120023
290147.082068 0.982016 0.896363 0.082711 0.127536
315583.356010 0.931822 0.901715 0.090403 0.118518
307887.030919 1.219739 0.898674 0.088068 0.120907
288985.610090 0.867748 0.880648 0.101670 0.125553
315938.693795 1.092564 0.912494 0.072532 0.119695
270636.528739 1.128127 0.903088 0.082002 0.133952

309667.421894 1.237237 0.891386 0.066011 0.248130
312198.862461 0.894961 0.888478 0.086071 0.240874
290968.784456 1.105243 0.901598 0.085914 0.255203
276227.311567 0.656066 0.896842 0.103684 0.266199
297000.291978 1.128274 0.882127 0.095352 0.250717
332831.500426 0.935527 0.898857 0.074318 0.229890
330386.620300 0.979290 0.897098 0.082674 0.230425
290651.575065 0.804620 0.885913 0.106647 0.254227
338528.172808 0.983119 0.925811 0.067081 0.226639
290967.876926 0.868710 0.888560 0.092702 0.259579
298118.114962 0.938952 0.880440 0.107604 0.249642
255104.438937 1.037957 0.868609 0.105553 0.287954
320449.266664 0.914706 0.899175 0.079743 0.233691
332875.091563 0.983376 0.866014 0.108464 0.229086
332615.668771 1.216205 0.920179 0.053812 0.231195
302810.707969 1.217669 0.894235 0.081944 0.251334
319716.452991 1.100887 0.909847 0.069348 0.241985
268658.748423 1.118274 0.871929 0.116571 0.271707
304437.136663 0.810693 0.887357 0.102186 0.247050
314723.706873 1.126312 0.900465 0.097209 0.241156

300755.420434 1.002558 0.893648 0.089990 0.376427
333759.126235 0.836914 0.906264 0.084851 0.346251
282251.096276 0.845634 0.885831 0.099388 0.398955
282028.171095 1.278878 0.885903 0.099899 0.399135
274949.403186 0.875107 0.866837 0.106633 0.404236
318548.176407 1.182307 0.904894 0.073869 0.362444
292742.855972 1.079010 0.879941 0.084919 0.391623
279417.087402 0.735373 0.891822 0.098344 0.402780
300556.347080 1.109509 0.892048 0.082892 0.376927
305006.985260 1.093733 0.892806 0.086708 0.371882
288338.626530 0.912562 0.882963 0.100247 0.384992
330297.633456 0.946016 0.890501 0.090589 0.346193
297511.991371 1.107116 0.881331 0.090690 0.383886
271036.864933 0.741543 0.868092 0.120438 0.413731
285912.726619 0.932428 0.885542 0.101406 0.394450
271930.073373 0.709041 0.867944 0.120663 0.413131
271194.439576 0.960492 0.873247 0.103377 0.409349
286648.262230 0.849585 0.885287 0.107232 0.387020
297157.209019 0.927011 0.874762 0.113333 0.380158
258560.505963 1.025961 0.873216 0.122393 0.430459

250852.130544 0.904501 0.878805 0.102593 0.587746
233256.940178 0.786945 0.878916 0.098795 0.627791
277438.881709 0.867637 0.876860 0.111852 0.544715
286602.493116 1.132104 0.884500 0.085500 0.534794
245957.932734 1.075298 0.858830 0.128796 0.601547
263040.968155 0.875208 0.857900 0.117179 0.571764
277614.282027 1.166029 0.893916 0.085803 0.540079
283722.795781 0.945098 0.888098 0.095626 0.538065
291712.827162 1.244824 0.888834 0.086462 0.521544
276033.980277 0.778939 0.868166 0.119060 0.535714
266408.441238 1.098796 0.883871 0.082258 0.573913
259435.584058 0.982089 0.855088 0.126798 0.580464
287513.803467 0.982596 0.871972 0.102323 0.531711
319642.839557 0.791480 0.881402 0.094340 0.477814
282316.548887 1.261258 0.876200 0.111673 0.539502
293790.015912 0.744400 0.882524 0.100485 0.514949
265787.161590 1.184485 0.866772 0.110058 0.563064
284521.565839 0.891454 0.885570 0.104810 0.534858
291455.817055 1.099278 0.882353 0.095897 0.529414
272366.894099 0.868644 0.873173 0.104906 0.560673

278429.879755 0.919144 0.895476 0.082163 0.675797
308772.125170 0.830793 0.883232 0.110696 0.612968
278433.424218 1.143624 0.878123 0.093830 0.680124
248655.684672 0.773704 0.877702 0.106371 0.751248
289217.303024 1.148743 0.870117 0.099609 0.663504
341977.589847 0.864590 0.912326 0.075955 0.563599
328117.504127 0.874788 0.898350 0.089612 0.584125
249816.198417 1.170137 0.869321 0.112731 0.748620
269151.184823 0.716125 0.879747 0.103376 0.696602
318456.192398 0.698007 0.895050 0.084785 0.600501
283723.000246 1.058959 0.888325 0.109137 0.663916
267050.980172 0.958422 0.884409 0.109677 0.708304
332555.545649 0.720204 0.898500 0.098853 0.577160
283203.550397 0.854754 0.873747 0.114729 0.671516
261826.660174 1.116837 0.863974 0.107333 0.722779
259586.794938 0.946751 0.883324 0.108420 0.723255
275117.628718 1.164419 0.878945 0.092085 0.688905
247335.435540 0.832697 0.858101 0.147486 0.749970
265457.503450 1.309970 0.877944 0.097430 0.711790
258750.028160 0.787315 0.849016 0.146199 0.711172

