303130.738055 0.993275 0.903226 0.083293 0.246895
295128.096426 1.063545 0.899656 0.074766 0.257552
348393.816175 0.758462 0.891151 0.108434 0.218097
331836.673031 0.943805 0.896053 0.098246 0.228434
340058.449603 1.049512 0.911624 0.067479 0.222165
286751.832189 1.006135 0.892300 0.105184 0.259537
310308.042998 1.144334 0.885741 0.079889 0.248837
317154.193582 0.958266 0.887927 0.076538 0.239956
299079.211895 1.361433 0.914936 0.065282 0.253506
299948.065843 1.085707 0.889315 0.099185 0.250983
329470.544149 1.128246 0.904293 0.076476 0.232028
279761.162243 0.936465 0.882203 0.100969 0.265684
264137.313152 1.008678 0.885946 0.097297 0.276805
332404.263575 0.940690 0.901278 0.099163 0.228935
295912.344527 0.914677 0.889538 0.101217 0.250429
282725.832857 1.014059 0.894413 0.089698 0.266980
232482.983070 0.808417 0.846604 0.146956 0.307790
312026.989511 0.841367 0.889198 0.083449 0.246059
306073.295592 1.103218 0.906800 0.074655 0.244678
294442.497470 0.883682 0.907823 0.077230 0.254322

276169.232525 1.233378 0.856928 0.113057 0.269645
316890.902266 0.927844 0.881371 0.105548 0.240044
285362.499998 1.354758 0.907834 0.081925 0.261166
278226.073112 1.303336 0.869042 0.105871 0.266572
298591.615930 1.088458 0.893133 0.083656 0.251664
285541.097294 0.914322 0.887487 0.099395 0.262047
307232.056423 0.966450 0.893296 0.094901 0.246302
291077.693161 1.111827 0.888450 0.088351 0.261696
255049.109793 1.335666 0.878035 0.114238 0.290247
294712.978469 0.982400 0.879845 0.110465 0.255174
270690.054634 1.142549 0.905711 0.086746 0.277381
285787.067726 0.845723 0.880582 0.096337 0.263309
319602.303108 0.962372 0.895143 0.085338 0.240101
324863.709089 0.990993 0.879227 0.093544 0.234388
264134.193743 0.907205 0.881466 0.113685 0.277253
300390.453289 1.009785 0.888462 0.086058 0.252890
275991.303121 1.010049 0.899160 0.088235 0.268785
313463.635469 0.995911 0.899304 0.070534 0.242836
267603.383057 1.041348 0.883138 0.102988 0.273297
255670.720213 1.077983 0.873007 0.109951 0.289424

301101.654508 0.905593 0.888783 0.094988 0.248083
290566.350878 0.908264 0.904040 0.081818 0.258810
323546.190184 0.919335 0.896086 0.095367 0.233280
259735.357963 1.087115 0.884888 0.094381 0.281931
311788.819211 0.663683 0.889716 0.100047 0.236362
289370.876821 1.075158 0.871094 0.104004 0.254578
315053.627284 0.986574 0.895612 0.096074 0.240988
315843.914411 0.864591 0.872923 0.112708 0.240536
262844.140720 0.841416 0.894247 0.096986 0.276058
299827.236711 0.877421 0.867695 0.119682 0.249871
302903.021471 0.766757 0.875058 0.108095 0.246772
268335.366562 0.916124 0.886170 0.102660 0.271610
287047.170482 1.207336 0.882470 0.094124 0.260698
287655.481944 1.382397 0.887233 0.076503 0.261705
327259.723670 0.769975 0.896644 0.089038 0.228211
324529.517149 1.034880 0.900226 0.096614 0.233608
311135.119249 1.231427 0.898401 0.084666 0.246699
270645.212956 0.981353 0.884494 0.107595 0.269787
249425.961159 1.050939 0.886493 0.107832 0.292035
325513.458777 1.027339 0.885891 0.092437 0.235908

290867.659424 1.020915 0.868345 0.113262 0.257585
286057.270110 1.119981 0.887008 0.091588 0.258084
306242.159172 1.341902 0.886961 0.082083 0.248679
286488.169007 1.202311 0.895665 0.078125 0.259520
281645.242382 0.926281 0.894629 0.102813 0.263598
297880.984603 0.950341 0.886583 0.091699 0.253376
293693.719354 1.515438 0.889710 0.096012 0.254525
281493.034757 1.115789 0.893955 0.089652 0.261969
279710.131804 0.991704 0.866834 0.106030 0.269780
290095.334418 1.147535 0.891932 0.088147 0.258868
362274.970960 0.972612 0.909836 0.075820 0.209865
277042.677596 1.092722 0.891032 0.085506 0.269893
292154.764045 0.902521 0.881198 0.107511 0.253245
300029.807269 0.922172 0.898783 0.090024 0.250881
283306.004217 1.018340 0.888045 0.092199 0.265149
307609.894432 1.086383 0.895636 0.093928 0.246953
329069.173669 0.649357 0.911605 0.089302 0.231424
323665.298237 0.841632 0.882458 0.102850 0.237185
291877.917959 0.861530 0.878669 0.107632 0.259762
298198.610257 0.936068 0.897461 0.082520 0.253853

264922.884701 0.876557 0.899506 0.087864 0.282678
303468.118948 1.088113 0.885347 0.091342 0.251713
266572.916101 1.026935 0.876399 0.116676 0.272608
294409.688783 0.814442 0.905237 0.084788 0.253807
277318.707135 0.997216 0.889979 0.093492 0.267073
336295.071232 1.084106 0.900437 0.093450 0.225560
302466.398924 1.114202 0.903133 0.071325 0.252160
283080.944448 0.875081 0.896004 0.093750 0.263824
278208.093858 0.887102 0.880977 0.085453 0.262569
286752.452768 1.130112 0.884673 0.101348 0.259422
283708.375667 0.954649 0.895538 0.095842 0.263625
291619.917722 1.152182 0.913043 0.077856 0.257667
299537.273747 1.089193 0.891420 0.090645 0.250608
249165.121840 0.802090 0.864018 0.123111 0.291021
292800.173828 0.705274 0.887519 0.110508 0.253951
315476.229555 0.702831 0.886041 0.102517 0.237717
332669.582247 0.814303 0.895451 0.085302 0.229890
263272.612474 1.189313 0.875135 0.111948 0.280729
298027.572204 0.987322 0.884764 0.097878 0.247951
318448.559536 1.084874 0.888434 0.083789 0.239940

