266133.500075 1.892434 0.857217 0.128764 0.275880
278544.783947 2.930016 0.782787 0.181239 0.265055
305234.625818 2.028891 0.823787 0.139047 0.247893
266755.288415 2.783085 0.764842 0.170223 0.275479
330347.286060 2.241292 0.839256 0.147107 0.229997
323042.287026 2.077733 0.884342 0.089413 0.229513
270849.172277 3.057237 0.782004 0.131725 0.273549
279576.389045 2.870989 0.824260 0.152340 0.262229
278538.031941 2.279878 0.799627 0.132339 0.269352
267343.286389 2.451795 0.836901 0.151886 0.277936
267447.083760 2.183668 0.824614 0.136522 0.272486
308118.369415 2.764620 0.771300 0.178149 0.242988
277155.008737 2.857658 0.815939 0.148008 0.265971
253821.890473 2.449651 0.801426 0.181772 0.286863
306719.510650 2.087960 0.866972 0.084404 0.249365
287779.112021 2.749687 0.833724 0.123653 0.256597

286974.574465 2.345304 0.810861 0.139439 0.258536
274237.917245 2.617578 0.784722 0.152315 0.269137
315830.079973 2.209005 0.800247 0.126442 0.239390
289202.515806 2.759906 0.805970 0.146088 0.257686
273885.350342 2.727980 0.805436 0.157845 0.267671
299797.988173 2.450821 0.843434 0.127640 0.254294
303421.783091 1.767130 0.863657 0.122985 0.244485
265749.249762 3.555313 0.800585 0.138957 0.279031
294587.293012 2.669289 0.830671 0.098129 0.260385
279109.901801 2.647796 0.811587 0.145549 0.265735
340071.578343 1.999895 0.824176 0.131476 0.219622
319470.579323 2.380335 0.832203 0.119068 0.238452
278943.301772 2.106853 0.810304 0.168150 0.265322
285366.840889 1.981510 0.838740 0.122137 0.260032
301486.862645 1.889138 0.849472 0.113355 0.246069
270908.810988 2.206806 0.791024 0.124825 0.276380

292111.674973 2.640277 0.819873 0.110254 0.256689
327274.833692 2.531107 0.808219 0.120467 0.231702
278252.350226 2.481220 0.777427 0.139052 0.267661
285167.926410 2.981490 0.817051 0.126267 0.261957
309872.544289 1.929667 0.853822 0.100581 0.241104
280774.057076 2.595461 0.795423 0.143707 0.265642
301299.558800 2.320846 0.844749 0.133333 0.246409
272125.012164 2.464372 0.824219 0.143555 0.272316
266532.091240 2.779112 0.775106 0.160302 0.283613
273652.643522 2.744667 0.809637 0.153626 0.266218
303421.731708 2.341179 0.844454 0.115870 0.245856
272626.441633 1.860921 0.819728 0.126822 0.275600
370229.023068 2.277995 0.845522 0.125000 0.207509
273712.355379 2.666598 0.805582 0.162252 0.269315
312849.855527 2.712978 0.833765 0.136442 0.238897
301564.542672 2.384958 0.813293 0.132488 0.248595

285370.742622 2.357227 0.796741 0.154368 0.263134
294770.990168 2.082532 0.807777 0.141405 0.254355
341643.780950 1.603958 0.870901 0.107513 0.222191
327235.970058 2.382042 0.863014 0.112158 0.232615
316025.495077 2.151496 0.856765 0.100044 0.239790
301000.062520 1.974794 0.833631 0.135510 0.247361
306338.760174 2.992487 0.821631 0.158308 0.249119
345260.322027 2.196717 0.846431 0.088212 0.225257
302882.748216 2.129582 0.843679 0.126416 0.248291
312841.478560 1.747376 0.832252 0.129702 0.240528
292176.033934 2.125292 0.827888 0.127474 0.256552
319105.734319 2.288655 0.874329 0.075134 0.238414
269973.431072 2.351296 0.790995 0.136967 0.275305
275875.538818 2.591548 0.799718 0.171133 0.265424
282771.940443 2.780012 0.786583 0.160288 0.263310
252639.847363 2.283291 0.807316 0.153014 0.293774

287237.666536 2.642477 0.809524 0.152930 0.261151
287458.860467 1.765909 0.857004 0.126459 0.261778
332490.355966 2.173947 0.830826 0.125254 0.225746
288354.148153 2.028041 0.810959 0.169863 0.254228
335864.509964 2.365585 0.843305 0.109076 0.225849
282520.576708 3.125223 0.764242 0.174847 0.264129
299083.139559 2.766535 0.827648 0.144524 0.248499
265496.308834 2.795853 0.781784 0.179317 0.274211
235944.726638 2.113737 0.792954 0.189702 0.310023
317776.685566 2.120766 0.848366 0.109368 0.239759
230023.404527 1.816335 0.769272 0.212527 0.301365
287380.420960 2.871028 0.836869 0.126355 0.258335
363414.803066 1.783044 0.864802 0.080808 0.214238
302233.902309 2.263503 0.837753 0.107416 0.248719
294770.422200 2.416720 0.821332 0.128713 0.255851
269411.893277 2.726904 0.814761 0.143695 0.277166

