2.01805 0.00000 -0.04906 0.97221 
2.01805 0.00000 -0.04906 0.97221 
2.01805 0.00000 -0.04906 0.97221 
2.01805 0.00000 -0.04906 0.97221 
2.01805 0.00000 -0.04906 0.97221 
9.71529 0.00010 -0.28352 5.61882 
9.71529 0.00010 -0.28352 5.61882 
9.71529 0.00010 -0.28352 5.61882 
9.71529 0.00010 -0.28352 5.61882 
9.71529 0.00010 -0.28352 5.61882 
17.25121 0.00020 -0.61147 12.11825 
17.25121 0.00020 -0.61147 12.11825 
17.25121 0.00020 -0.61147 12.11825 
17.25121 0.00020 -0.61147 12.11825 
17.25121 0.00020 -0.61147 12.11825 
31.72447 0.00029 -0.35579 7.05111 
31.72447 0.00029 -0.35579 7.05111 
31.72447 0.00029 -0.35579 7.05111 
31.72447 0.00029 -0.35579 7.05111 
31.72447 0.00029 -0.35579 7.05111 
43.52206 0.00049 -0.63794 12.64286 
43.52206 0.00049 -0.63794 12.64286 
43.52206 0.00049 -0.63794 12.64286 
43.52206 0.00049 -0.63794 12.64286 
43.52206 0.00049 -0.63794 12.64286 

8.91563 0.00000 0.87391 -12.61713 
8.91563 0.00000 0.87391 -12.61713 
8.91563 0.00000 0.87391 -12.61713 
8.91563 0.00000 0.87391 -12.61713 
8.91563 0.00000 0.87391 -12.61713 
22.75220 0.00000 1.14657 -16.55372 
22.75220 0.00000 1.14657 -16.55372 
22.75220 0.00000 1.14657 -16.55372 
22.75220 0.00000 1.14657 -16.55372 
22.75220 0.00000 1.14657 -16.55372 
31.33842 0.00010 1.43773 -20.75737 
31.33842 0.00010 1.43773 -20.75737 
31.33842 0.00010 1.43773 -20.75737 
31.33842 0.00010 1.43773 -20.75737 
31.33842 0.00010 1.43773 -20.75737 
37.63727 0.00020 1.42330 -20.54896 
37.63727 0.00020 1.42330 -20.54896 
37.63727 0.00020 1.42330 -20.54896 
37.63727 0.00020 1.42330 -20.54896 
37.63727 0.00020 1.42330 -20.54896 
57.34398 0.00049 1.31958 -19.05152 
57.34398 0.00049 1.31958 -19.05152 
57.34398 0.00049 1.31958 -19.05152 
57.34398 0.00049 1.31958 -19.05152 
57.34398 0.00049 1.31958 -19.05152 

3.05825 0.00000 0.14058 -2.57401 
3.05825 0.00000 0.14058 -2.57401 
3.05825 0.00000 0.14058 -2.57401 
3.05825 0.00000 0.14058 -2.57401 
3.05825 0.00000 0.14058 -2.57401 
14.93564 0.00000 -0.33674 6.16564 
14.93564 0.00000 -0.33674 6.16564 
14.93564 0.00000 -0.33674 6.16564 
14.93564 0.00000 -0.33674 6.16564 
14.93564 0.00000 -0.33674 6.16564 
27.74299 0.00010 0.04218 -0.77239 
27.74299 0.00010 0.04218 -0.77239 
27.74299 0.00010 0.04218 -0.77239 
27.74299 0.00010 0.04218 -0.77239 
27.74299 0.00010 0.04218 -0.77239 
34.72574 0.00029 -0.69678 12.75803 
34.72574 0.00029 -0.69678 12.75803 
34.72574 0.00029 -0.69678 12.75803 
34.72574 0.00029 -0.69678 12.75803 
34.72574 0.00029 -0.69678 12.75803 
51.87054 0.00049 -0.27167 4.97422 
51.87054 0.00049 -0.27167 4.97422 
51.87054 0.00049 -0.27167 4.97422 
51.87054 0.00049 -0.27167 4.97422 
51.87054 0.00049 -0.27167 4.97422 

6.39480 0.00000 -0.19360 3.37617 
6.39480 0.00000 -0.19360 3.37617 
6.39480 0.00000 -0.19360 3.37617 
6.39480 0.00000 -0.19360 3.37617 
6.39480 0.00000 -0.19360 3.37617 
19.87690 0.00010 0.43203 -7.53416 
19.87690 0.00010 0.43203 -7.53416 
19.87690 0.00010 0.43203 -7.53416 
19.87690 0.00010 0.43203 -7.53416 
19.87690 0.00010 0.43203 -7.53416 
28.91547 0.00010 0.22860 -3.98650 
28.91547 0.00010 0.22860 -3.98650 
28.91547 0.00010 0.22860 -3.98650 
28.91547 0.00010 0.22860 -3.98650 
28.91547 0.00010 0.22860 -3.98650 
40.27748 0.00029 -0.16611 2.89676 
40.27748 0.00029 -0.16611 2.89676 
40.27748 0.00029 -0.16611 2.89676 
40.27748 0.00029 -0.16611 2.89676 
40.27748 0.00029 -0.16611 2.89676 
48.17361 0.00049 0.07793 -1.35895 
48.17361 0.00049 0.07793 -1.35895 
48.17361 0.00049 0.07793 -1.35895 
48.17361 0.00049 0.07793 -1.35895 
48.17361 0.00049 0.07793 -1.35895 

2.83262 0.00000 0.00369 -0.06825 
2.83262 0.00000 0.00369 -0.06825 
2.83262 0.00000 0.00369 -0.06825 
2.83262 0.00000 0.00369 -0.06825 
2.83262 0.00000 0.00369 -0.06825 
14.39984 0.00000 0.29766 -5.50681 
14.39984 0.00000 0.29766 -5.50681 
14.39984 0.00000 0.29766 -5.50681 
14.39984 0.00000 0.29766 -5.50681 
14.39984 0.00000 0.29766 -5.50681 
27.68778 0.00010 0.59301 -10.97071 
27.68778 0.00010 0.59301 -10.97071 
27.68778 0.00010 0.59301 -10.97071 
27.68778 0.00010 0.59301 -10.97071 
27.68778 0.00010 0.59301 -10.97071 
37.04925 0.00020 0.49625 -9.18061 
37.04925 0.00020 0.49625 -9.18061 
37.04925 0.00020 0.49625 -9.18061 
37.04925 0.00020 0.49625 -9.18061 
37.04925 0.00020 0.49625 -9.18061 
41.06681 0.00039 0.15189 -2.80995 
41.06681 0.00039 0.15189 -2.80995 
41.06681 0.00039 0.15189 -2.80995 
41.06681 0.00039 0.15189 -2.80995 
41.06681 0.00039 0.15189 -2.80995 

