247242.862500 1.015547 0.889595 0.087283 0.295506
355662.242275 1.017435 0.906523 0.068550 0.212677
286203.622106 1.062788 0.909044 0.086868 0.259436
288215.794440 1.065587 0.875369 0.094089 0.262459
422758.878106 0.723884 0.916814 0.065133 0.182839
253624.830156 0.722508 0.896355 0.091686 0.285993
348467.046302 1.104375 0.916381 0.072899 0.220797
354516.594110 0.655167 0.907277 0.075260 0.213186
270202.345131 0.894345 0.877110 0.099156 0.262729
392851.154976 0.952533 0.914199 0.061124 0.194905
338189.625893 0.969271 0.908972 0.076586 0.225126
467114.543516 0.609552 0.935452 0.054063 0.166862
241224.784952 1.254534 0.854711 0.125426 0.298279
286189.737860 1.427628 0.897074 0.081736 0.257478
342941.674192 0.629335 0.900858 0.090987 0.222866
249942.865340 0.995613 0.879046 0.097672 0.298574
402513.808657 1.067454 0.925787 0.053973 0.189250
304233.393962 1.156026 0.893162 0.085945 0.247738
387944.465916 0.735287 0.898106 0.088258 0.194120
365667.949058 0.889207 0.898790 0.079435 0.210550

319168.729539 1.433167 0.908291 0.061603 0.239660
273039.535718 1.328826 0.880125 0.101194 0.269701
318237.500305 1.023578 0.892224 0.092315 0.236940
306013.092571 1.313851 0.905724 0.067821 0.246579
258178.882872 1.285782 0.869118 0.116820 0.286437
374327.866300 0.682490 0.906472 0.084057 0.204564
284841.558655 1.055743 0.898001 0.082522 0.266157
361496.957540 0.741022 0.907102 0.071841 0.211784
369266.545607 0.764025 0.919171 0.068643 0.210211
348746.587970 1.274404 0.909898 0.074027 0.220890
303459.677302 0.923576 0.898516 0.084730 0.247759
317108.112040 0.825473 0.894064 0.089954 0.234611
319991.687400 1.110004 0.895985 0.075274 0.238621
319716.278102 1.112147 0.901280 0.085923 0.233562
287102.899705 1.164954 0.882645 0.109896 0.255161
456504.325826 0.854421 0.931841 0.051788 0.174003
281303.556562 0.796493 0.894764 0.090862 0.265954
408760.108502 0.733928 0.922878 0.074539 0.190882
306885.408591 0.969058 0.897582 0.073969 0.249023
292467.515999 1.063089 0.890525 0.085420 0.253037

288467.149507 0.786414 0.886717 0.113784 0.262257
312449.447048 1.109178 0.890386 0.081282 0.243317
294513.885306 1.049820 0.905586 0.063272 0.255452
293161.289451 0.837947 0.883755 0.097763 0.254907
298481.916777 1.042003 0.898139 0.092067 0.254354
298082.572609 0.953555 0.889425 0.091743 0.253330
288053.123547 0.721103 0.898434 0.079838 0.260437
294557.356868 1.009078 0.907517 0.080119 0.253066
304897.155190 0.850310 0.889521 0.083452 0.247955
286999.281381 0.998292 0.883490 0.103619 0.258465
346719.754959 0.802623 0.894626 0.090260 0.217492
288078.117227 0.995488 0.901266 0.088101 0.258066
300722.651663 1.167874 0.898740 0.075581 0.251823
304088.057052 0.770333 0.894511 0.090692 0.245095
306751.031653 1.412368 0.904580 0.083015 0.247369
276077.993862 0.742796 0.896588 0.091864 0.264229
336138.938333 1.016706 0.907860 0.075546 0.226543
322470.643043 1.140676 0.883192 0.098529 0.237276
295180.888149 1.054886 0.910141 0.080321 0.254871
364127.071316 0.686220 0.931221 0.056273 0.210105

