305098.127455 1.687002 0.869645 0.086596 0.242870
292520.207226 3.190760 0.828935 0.117834 0.251502
345060.925120 1.614927 0.865283 0.106634 0.215708
306826.041868 2.824603 0.825098 0.091823 0.244476
292498.014455 3.003103 0.811993 0.101443 0.259036
388616.417372 1.941197 0.909126 0.069874 0.200550
349608.327984 1.748060 0.861514 0.115942 0.215945
424984.220680 2.249956 0.907163 0.059805 0.183697
355145.837474 1.962730 0.836531 0.117421 0.216628
284184.452260 2.873744 0.810115 0.100690 0.256752
407401.220301 1.675545 0.840580 0.099427 0.191175
245098.061750 2.433892 0.806057 0.147184 0.302161
402932.168466 2.095611 0.887968 0.077089 0.194837
313784.479745 2.320302 0.808511 0.116813 0.238060
258194.415102 2.635575 0.800099 0.113874 0.290431
242743.470837 1.980466 0.753099 0.185920 0.299083

306808.000682 2.378169 0.862335 0.101772 0.246469
321361.321066 2.760441 0.836218 0.114816 0.239155
385432.669176 2.355596 0.838136 0.099609 0.202807
289853.725808 2.582501 0.835366 0.135553 0.256806
304757.854623 2.173118 0.807808 0.114972 0.245831
289481.962149 1.507688 0.817387 0.148114 0.255608
293296.868100 2.723678 0.841570 0.100231 0.256112
287970.022123 2.375092 0.840075 0.099247 0.258437
290259.455077 2.338181 0.785965 0.159649 0.255440
290574.082733 3.098315 0.833564 0.118488 0.254252
333678.302568 2.367610 0.842494 0.114438 0.225865
268144.289080 1.847190 0.828141 0.145729 0.277760
253603.888941 3.672595 0.780452 0.175344 0.291941
304864.819627 2.167235 0.846119 0.121390 0.248917
325583.995189 3.151402 0.821823 0.111974 0.235022
290306.306558 2.587326 0.844382 0.104372 0.255815

289268.310139 2.155423 0.833022 0.122201 0.257613
307891.431651 2.629078 0.839752 0.127490 0.245256
280593.518350 1.845214 0.861692 0.107463 0.260116
