41.88080 0.33016 -0.84533 2.47646 
52.11591 0.58262 0.88819 1.70474 
48.69310 0.49212 0.15218 16.86432 
48.69310 0.49212 0.15218 16.86432 
48.69310 0.49212 0.15218 16.86432 
102.74762 0.33525 1.91184 -19.38437 
102.74762 0.33525 1.91184 -19.38437 
102.74762 0.33525 1.91184 -19.38437 
102.74762 0.33525 1.91184 -19.38437 
102.74762 0.33525 1.91184 -19.38437 
82.06095 0.52857 0.62363 3.45745 
82.06095 0.52857 0.62363 3.45745 
82.06095 0.52857 0.62363 3.45745 
82.06095 0.52857 0.62363 3.45745 
82.06095 0.52857 0.62363 3.45745 
72.08077 0.73558 -0.02243 20.46128 
72.08077 0.73558 -0.02243 20.46128 
72.08077 0.73558 -0.02243 20.46128 
72.08077 0.73558 -0.02243 20.46128 
72.08077 0.73558 -0.02243 20.46128 
99.25102 0.90917 -0.18011 13.68155 
97.29262 1.57389 -1.30535 46.89135 
97.29262 1.57389 -1.30535 46.89135 
97.29262 1.57389 -1.30535 46.89135 
97.29262 1.57389 -1.30535 46.89135 

56.31102 0.29745 3.11114 -12.53809 
56.31102 0.29745 3.11114 -12.53809 
56.31102 0.29745 3.11114 -12.53809 
56.31102 0.29745 3.11114 -12.53809 
56.31102 0.29745 3.11114 -12.53809 
-17.54112 0.73364 -2.84369 32.25781 
-16.45925 0.77956 -1.49279 23.06374 
-16.45925 0.77956 -1.49279 23.06374 
-16.45925 0.77956 -1.49279 23.06374 
-16.45925 0.77956 -1.49279 23.06374 
47.72117 0.65111 -1.47530 22.94471 
51.22703 0.76233 -1.12600 20.56723 
51.22703 0.76233 -1.12600 20.56723 
51.22703 0.76233 -1.12600 20.56723 
51.22703 0.76233 -1.12600 20.56723 
91.75104 1.12793 5.32188 -23.31926 
133.36682 1.34921 2.77292 -34.46388 
133.36682 1.34921 2.77292 -34.46388 
133.36682 1.34921 2.77292 -34.46388 
133.36682 1.34921 2.77292 -34.46388 
62.07944 1.17121 -2.07794 23.13674 
94.28034 2.25557 0.99309 2.77425 
113.49232 2.19467 2.21377 -2.16480 
113.49232 2.19467 2.21377 -2.16480 
113.49232 2.19467 2.21377 -2.16480 

-29.68798 -0.08020 -2.20593 17.59010 
7.14224 0.31735 -1.54478 13.47135 
7.42817 0.35053 -1.45635 2.33343 
19.38549 0.80265 -3.33340 24.61509 
19.38549 0.80265 -3.33340 24.61509 
70.84968 0.81905 -1.82933 10.81226 
83.39317 1.21473 0.68028 -2.51225 
83.39317 1.21473 0.68028 -2.51225 
83.39317 1.21473 0.68028 -2.51225 
83.39317 1.21473 0.68028 -2.51225 
95.52848 1.24123 1.28205 -8.13573 
79.67796 1.41645 -1.16772 11.12193 
79.67796 1.41645 -1.16772 11.12193 
79.67796 1.41645 -1.16772 11.12193 
79.67796 1.41645 -1.16772 11.12193 
3.13362 1.34028 -5.87767 12.37515 
-1.08657 1.50705 -7.13102 33.81213 
-1.08657 1.50705 -7.13102 33.81213 
-1.08657 1.50705 -7.13102 33.81213 
-1.08657 1.50705 -7.13102 33.81213 
8.90795 2.01532 -1.01010 10.14059 
86.40448 2.45930 0.04748 3.55030 
36.59229 2.62774 -4.85858 34.11890 
36.59229 2.62774 -4.85858 34.11890 
36.59229 2.62774 -4.85858 34.11890 

91.08224 0.86076 1.85619 -7.78122 
91.08224 0.86076 1.85619 -7.78122 
91.08224 0.86076 1.85619 -7.78122 
92.86674 0.91240 2.02475 -8.48737 
65.09021 1.08862 -0.37887 1.58885 
49.47441 0.73962 -0.19594 0.82143 
49.47441 0.73962 -0.19594 0.82143 
49.47441 0.73962 -0.19594 0.82143 
49.47441 0.73962 -0.19594 0.82143 
49.47441 0.73962 -0.19594 0.82143 
-60.40308 0.39072 -10.10655 25.62100 
-60.40308 0.39072 -10.10655 25.62100 
-60.40308 0.39072 -10.10655 25.62100 
75.45846 0.82729 0.53356 -2.23685 
-0.71674 0.69368 -2.60079 10.90388 
22.26266 1.61099 -0.77247 3.23897 
86.11833 2.17321 2.63535 -11.04823 
86.11833 2.17321 2.63535 -11.04823 
86.11833 2.17321 2.63535 -11.04823 
86.11833 2.17321 2.63535 -11.04823 
49.03031 2.24517 -0.39311 1.64908 
55.49445 2.86286 -6.69353 28.06139 
95.81844 2.92020 -8.05467 2.08628 
50.11751 3.23297 -5.89579 24.71754 
50.11751 3.23297 -5.89579 24.71754 

331.13938 0.90207 12.49994 -25.00015 
285.05438 1.04296 9.09090 -18.18176 
285.05438 1.04296 9.09090 -18.18176 
285.05438 1.04296 9.09090 -18.18176 
285.05438 1.04296 9.09090 -18.18176 
124.73330 0.67623 21.42854 -42.85731 
124.73330 0.67623 21.42854 -42.85731 
124.73330 0.67623 21.42854 -42.85731 
124.73330 0.67623 21.42854 -42.85731 
124.73330 0.67623 21.42854 -42.85731 
391.70205 0.88496 17.01569 -34.03133 
431.55467 1.44016 12.49994 -25.00015 
431.55467 1.44016 12.49994 -25.00015 
431.55467 1.44016 12.49994 -25.00015 
431.55467 1.44016 12.49994 -25.00015 
90.51941 1.46395 8.74995 -17.50016 
90.51941 1.46395 8.74995 -17.50016 
90.51941 1.46395 8.74995 -17.50016 
90.51941 1.46395 8.74995 -17.50016 
90.51941 1.46395 8.74995 -17.50016 
313.65289 2.44477 12.79994 -25.60015 
402.14658 3.33986 12.90314 -25.80655 
402.14658 3.33986 12.90314 -25.80655 
387.87353 3.35126 10.60604 -21.21236 
387.87353 3.35126 10.60604 -21.21236 

