12.28071 0.00373 0.80572 -9.97332 
12.28071 0.00373 0.80572 -9.97332 
12.28071 0.00373 0.80572 -9.97332 
12.28071 0.00373 0.80572 -9.97332 
12.28071 0.00373 0.80572 -9.97332 
21.61405 0.00539 0.25236 6.38212 
21.61405 0.00539 0.25236 6.38212 
21.61405 0.00539 0.25236 6.38212 
21.61405 0.00539 0.25236 6.38212 
21.61405 0.00539 0.25236 6.38212 
29.08073 0.00294 0.10905 12.60060 
29.08073 0.00294 0.10905 12.60060 
29.08073 0.00294 0.10905 12.60060 
29.08073 0.00294 0.10905 12.60060 
29.08073 0.00294 0.10905 12.60060 
23.21873 0.00363 -3.48119 86.59015 
23.21873 0.00363 -3.48119 86.59015 
23.21873 0.00363 -3.48119 86.59015 
23.21873 0.00363 -3.48119 86.59015 
23.21873 0.00363 -3.48119 86.59015 
35.10646 0.00422 -3.83925 98.78724 
35.10646 0.00422 -3.83925 98.78724 
35.10646 0.00422 -3.83925 98.78724 
35.10646 0.00422 -3.83925 98.78724 
35.10646 0.00422 -3.83925 98.78724 

12.28071 0.00373 0.80572 -9.97332 
12.28071 0.00373 0.80572 -9.97332 
12.28071 0.00373 0.80572 -9.97332 
12.28071 0.00373 0.80572 -9.97332 
12.28071 0.00373 0.80572 -9.97332 
21.61405 0.00539 0.25236 6.38212 
21.61405 0.00539 0.25236 6.38212 
21.61405 0.00539 0.25236 6.38212 
21.61405 0.00539 0.25236 6.38212 
21.61405 0.00539 0.25236 6.38212 
29.08073 0.00294 0.10905 12.60060 
29.08073 0.00294 0.10905 12.60060 
29.08073 0.00294 0.10905 12.60060 
29.08073 0.00294 0.10905 12.60060 
29.08073 0.00294 0.10905 12.60060 
23.21873 0.00363 -3.48119 86.59015 
23.21873 0.00363 -3.48119 86.59015 
23.21873 0.00363 -3.48119 86.59015 
23.21873 0.00363 -3.48119 86.59015 
23.21873 0.00363 -3.48119 86.59015 
35.10646 0.00422 -3.83925 98.78724 
35.10646 0.00422 -3.83925 98.78724 
35.10646 0.00422 -3.83925 98.78724 
35.10646 0.00422 -3.83925 98.78724 
35.10646 0.00422 -3.83925 98.78724 

12.28071 0.00373 0.80572 -9.97332 
12.28071 0.00373 0.80572 -9.97332 
12.28071 0.00373 0.80572 -9.97332 
12.28071 0.00373 0.80572 -9.97332 
12.28071 0.00373 0.80572 -9.97332 
21.61405 0.00539 0.25236 6.38212 
21.61405 0.00539 0.25236 6.38212 
21.61405 0.00539 0.25236 6.38212 
21.61405 0.00539 0.25236 6.38212 
21.61405 0.00539 0.25236 6.38212 
29.08073 0.00294 0.10905 12.60060 
29.08073 0.00294 0.10905 12.60060 
29.08073 0.00294 0.10905 12.60060 
29.08073 0.00294 0.10905 12.60060 
29.08073 0.00294 0.10905 12.60060 
23.21873 0.00392 -3.48119 86.59015 
23.21873 0.00392 -3.48119 86.59015 
23.21873 0.00392 -3.48119 86.59015 
23.21873 0.00392 -3.48119 86.59015 
23.21873 0.00392 -3.48119 86.59015 
35.10646 0.00422 -3.83925 98.78724 
35.10646 0.00422 -3.83925 98.78724 
35.10646 0.00422 -3.83925 98.78724 
35.10646 0.00422 -3.83925 98.78724 
35.10646 0.00422 -3.83925 98.78724 

12.28071 0.00373 0.80572 -9.97332 
12.28071 0.00373 0.80572 -9.97332 
12.28071 0.00373 0.80572 -9.97332 
12.28071 0.00373 0.80572 -9.97332 
12.28071 0.00373 0.80572 -9.97332 
21.61405 0.00539 0.25236 6.38212 
21.61405 0.00539 0.25236 6.38212 
21.61405 0.00539 0.25236 6.38212 
21.61405 0.00539 0.25236 6.38212 
21.61405 0.00539 0.25236 6.38212 
29.08073 0.00294 0.10905 12.60060 
29.08073 0.00294 0.10905 12.60060 
29.08073 0.00294 0.10905 12.60060 
29.08073 0.00294 0.10905 12.60060 
29.08073 0.00294 0.10905 12.60060 
23.21873 0.00363 -3.48119 86.59015 
23.21873 0.00363 -3.48119 86.59015 
23.21873 0.00363 -3.48119 86.59015 
23.21873 0.00363 -3.48119 86.59015 
23.21873 0.00363 -3.48119 86.59015 
35.10646 0.00422 -3.83925 98.78724 
35.10646 0.00422 -3.83925 98.78724 
35.10646 0.00422 -3.83925 98.78724 
35.10646 0.00422 -3.83925 98.78724 
35.10646 0.00422 -3.83925 98.78724 

12.28071 0.00373 0.80572 -9.97332 
12.28071 0.00373 0.80572 -9.97332 
12.28071 0.00373 0.80572 -9.97332 
12.28071 0.00373 0.80572 -9.97332 
12.28071 0.00373 0.80572 -9.97332 
21.61405 0.00539 0.25236 6.38212 
21.61405 0.00539 0.25236 6.38212 
21.61405 0.00539 0.25236 6.38212 
21.61405 0.00539 0.25236 6.38212 
21.61405 0.00539 0.25236 6.38212 
29.08073 0.00294 0.10905 12.60060 
29.08073 0.00294 0.10905 12.60060 
29.08073 0.00294 0.10905 12.60060 
29.08073 0.00294 0.10905 12.60060 
29.08073 0.00294 0.10905 12.60060 
23.21873 0.00392 -3.48119 86.59015 
23.21873 0.00392 -3.48119 86.59015 
23.21873 0.00392 -3.48119 86.59015 
23.21873 0.00392 -3.48119 86.59015 
23.21873 0.00392 -3.48119 86.59015 
35.10646 0.00422 -3.83925 98.78724 
35.10646 0.00422 -3.83925 98.78724 
35.10646 0.00422 -3.83925 98.78724 
35.10646 0.00422 -3.83925 98.78724 
35.10646 0.00422 -3.83925 98.78724 

