99999.010696 2.686412 0.821006 0.173077 0.712802
86395.853816 2.966337 0.794671 0.200627 0.759370
96151.134375 2.821084 0.803598 0.191904 0.740762
94948.638311 2.949838 0.768778 0.229750 0.759233
93156.204624 2.587221 0.786145 0.210843 0.755556
92893.255998 3.113171 0.753266 0.248186 0.760296
89629.854463 3.574345 0.741840 0.253709 0.782769
97136.829487 2.742593 0.830161 0.166911 0.688983
90154.204189 4.053092 0.769572 0.227474 0.754166
97210.142799 2.716714 0.787390 0.211144 0.737218

98140.728905 3.346080 0.829268 0.167683 0.727028
93751.668267 3.100093 0.822188 0.176292 0.719103
103003.146409 3.077458 0.801700 0.195467 0.702790
96645.692154 2.531274 0.788288 0.208709 0.741387
97226.844395 2.436697 0.812405 0.177005 0.733275
93589.398377 2.673586 0.750729 0.247813 0.757256
96626.349992 2.613590 0.784884 0.212209 0.731857
96780.294216 2.710142 0.828148 0.168889 0.709432
90814.295642 2.861759 0.822967 0.175439 0.767703
98148.172542 3.185230 0.777778 0.220798 0.725234

93011.060217 3.131907 0.746334 0.247801 0.774444
97863.054326 3.233972 0.804444 0.189630 0.730275
97552.460674 3.195290 0.803779 0.194767 0.721747
91888.026240 2.678930 0.844051 0.152733 0.745803
93339.986486 2.893814 0.795764 0.196672 0.737670
93963.523373 3.149895 0.795252 0.200297 0.734379
97753.698096 2.424489 0.802985 0.194030 0.720693
107884.680004 3.201961 0.856115 0.142446 0.665070
97980.112532 2.404869 0.796736 0.207715 0.747573
100789.885189 3.014686 0.821839 0.175287 0.698362

87856.640101 3.560719 0.809904 0.182109 0.734788
102594.462492 3.453045 0.809655 0.187586 0.666830
96012.183756 2.919153 0.814417 0.182515 0.737930
100574.788125 2.729244 0.736552 0.257931 0.734688
97327.329109 2.983076 0.798529 0.192647 0.728312
94266.836889 2.877230 0.749642 0.247496 0.744831
92489.019346 3.847425 0.751389 0.244444 0.723812
95054.645678 3.123562 0.767376 0.224113 0.746491
97236.465546 2.798169 0.799397 0.199095 0.747731
92473.925591 2.915737 0.750737 0.244838 0.782252

93033.225715 2.868800 0.813559 0.181818 0.740737
95921.409011 3.380601 0.770423 0.226761 0.722695
97205.879405 3.204624 0.762663 0.235890 0.752143
96252.986663 3.006751 0.849765 0.143975 0.725439
91938.198655 2.755700 0.773669 0.224852 0.738216
90352.861895 2.406197 0.782738 0.212798 0.747970
93930.308921 2.850659 0.762737 0.235808 0.746147
92745.179410 2.718966 0.800933 0.197512 0.772755
96566.722266 2.439794 0.842593 0.152778 0.729707
92062.379275 3.073716 0.812500 0.185938 0.764232

