91602.070006 3.045829 0.732771 0.258790 0.754664
95135.777252 3.079415 0.726648 0.259615 0.749063
93981.005401 3.485503 0.766764 0.227405 0.748936
94904.618704 2.798402 0.817485 0.179448 0.738387
91072.486200 3.086666 0.764095 0.234421 0.754176
93697.597436 3.316415 0.791483 0.208517 0.726592
94839.330982 3.272961 0.748619 0.248619 0.709489
99193.475217 2.628785 0.754167 0.243056 0.722323
99031.308937 3.062886 0.779637 0.205021 0.700853
97837.657057 2.904552 0.759784 0.238866 0.693807
94616.274626 2.946460 0.722449 0.276190 0.729454
97763.894057 3.381790 0.813584 0.180636 0.694961
95321.783142 3.250986 0.715415 0.274045 0.735538
105505.041982 3.136061 0.716233 0.282528 0.685985
93286.859745 3.411719 0.664634 0.332927 0.709373
100601.247524 2.905886 0.749319 0.243869 0.724400

97752.003032 2.652439 0.761236 0.231742 0.739266
95777.222899 3.379426 0.737997 0.259259 0.735075
93215.495072 3.199565 0.805389 0.188623 0.731362
94754.878095 3.514327 0.774788 0.222380 0.717384
95666.561643 3.423397 0.766620 0.231966 0.722043
94630.041837 2.595952 0.746818 0.247525 0.761653
95258.651041 2.630183 0.800294 0.190896 0.730165
92028.049210 2.917467 0.757971 0.234783 0.752336
95030.055724 3.214201 0.743338 0.251052 0.746896
94832.168440 2.836710 0.724599 0.270053 0.728281
92546.237111 4.100001 0.734312 0.263017 0.716132
94396.533579 3.590070 0.735664 0.262937 0.739426
100901.545644 2.721518 0.688442 0.309045 0.726635
100306.956170 3.202849 0.740642 0.258021 0.721289
95077.685700 2.895670 0.665414 0.329574 0.738125
100327.967005 3.324629 0.752033 0.243902 0.702140

99140.978863 2.778141 0.818448 0.178624 0.713039
92492.262601 3.369321 0.771772 0.226727 0.757378
95897.653877 2.843434 0.784792 0.203730 0.718370
94539.294499 3.254184 0.777286 0.216814 0.743613
96394.237252 3.611287 0.786127 0.206647 0.722884
91499.399295 3.171262 0.777108 0.218373 0.743972
96668.560032 2.467442 0.767575 0.232425 0.735265
97497.215332 2.832309 0.758152 0.239130 0.711585
100035.046551 3.040742 0.719415 0.275266 0.740757
95937.694079 3.275970 0.688158 0.306579 0.753317
97559.161117 2.856262 0.745179 0.249311 0.735320
98008.462828 3.157630 0.699080 0.299606 0.745889
98650.438148 3.624001 0.709184 0.284439 0.712298
95224.787177 3.373809 0.723810 0.274830 0.735625
99315.401377 2.640722 0.666667 0.330855 0.739250
104062.621450 2.763284 0.770604 0.228022 0.705872

95552.797243 2.208690 0.792035 0.199115 0.731378
101486.461024 2.734476 0.783099 0.209859 0.717104
95171.682092 3.030685 0.773449 0.223665 0.719228
86754.858960 2.501312 0.778662 0.222930 0.797880
100456.490099 2.882970 0.751309 0.244764 0.692983
102305.307657 3.105144 0.803468 0.184971 0.717672
100237.081969 2.998501 0.764706 0.228454 0.701641
93428.923319 3.763668 0.776034 0.219686 0.734993
101168.403044 3.369152 0.737533 0.248031 0.701661
96373.984209 3.158648 0.732432 0.244595 0.731437
101927.456969 3.339137 0.794944 0.202247 0.705147
95186.551332 3.355374 0.756267 0.242340 0.725491
87698.149312 3.171935 0.635430 0.360719 0.787190
100677.258653 2.990760 0.753316 0.245358 0.705257
97977.906538 3.234076 0.736772 0.259259 0.712366
95485.892865 3.218594 0.674745 0.318878 0.744956

94307.827957 2.538774 0.807284 0.185129 0.733574
93675.351218 2.858265 0.805471 0.193009 0.739379
97526.834548 2.191222 0.751734 0.248266 0.719969
88310.236105 2.898087 0.750378 0.242057 0.781243
96378.214252 2.606995 0.740028 0.251719 0.737634
98762.908860 2.864356 0.711590 0.285714 0.748195
90384.688653 3.056408 0.760355 0.238166 0.756998
96382.214640 2.944779 0.735334 0.257844 0.729611
100045.069517 2.941945 0.737127 0.256098 0.735732
97853.420927 2.852380 0.697917 0.295573 0.739173
104196.157148 2.647064 0.759003 0.227147 0.727160
97882.798566 3.382941 0.804064 0.191582 0.704747
97244.554890 3.112104 0.701592 0.291777 0.749094
91740.318507 3.159615 0.748942 0.249647 0.745146
102606.944969 3.171923 0.714834 0.274936 0.714959
93123.976816 2.825655 0.710598 0.281250 0.759519

