670157.501983 1.020015 0.943936 0.056064 
670157.501983 1.020015 0.943936 0.056064 
670157.501983 1.020015 0.943936 0.056064 
670157.501983 1.020015 0.943936 0.056064 
670157.501983 1.020015 0.943936 0.056064 
756399.305116 1.020016 0.947454 0.052546 
755078.260656 1.020016 0.949853 0.050147 
755078.260656 1.020016 0.949853 0.050147 
755078.260656 1.020016 0.949853 0.050147 
755078.260656 1.020016 0.949853 0.050147 
812010.254438 1.020016 0.947929 0.052071 
812010.254438 1.020016 0.947929 0.052071 
812010.254438 1.020016 0.947929 0.052071 
812010.254438 1.020016 0.947929 0.052071 
832311.385047 1.020017 0.947979 0.052021 
883577.059041 1.020018 0.944196 0.055804 
885426.218458 1.020018 0.944831 0.055169 
883577.059041 1.020018 0.944196 0.055804 
892389.231908 1.020018 0.944491 0.055509 
887011.212245 1.020018 0.944136 0.055864 
933313.047371 1.020020 0.946504 0.053496 
977143.657759 1.020020 0.949962 0.050038 
933313.047371 1.020020 0.946504 0.053496 
971862.007580 1.020020 0.949222 0.050778 
933313.047371 1.020020 0.946504 0.053496 

672007.364819 1.020015 0.944079 0.055921 
670157.501983 1.020015 0.943936 0.056064 
670157.501983 1.020015 0.943936 0.056064 
670157.501983 1.020015 0.943936 0.056064 
670157.501983 1.020015 0.943936 0.056064 
755078.260656 1.020016 0.949853 0.050147 
755078.260656 1.020016 0.949853 0.050147 
755342.288508 1.020016 0.949869 0.050131 
755078.260656 1.020016 0.949853 0.050147 
756399.305116 1.020016 0.947454 0.052546 
832311.385047 1.020017 0.947979 0.052021 
812010.254438 1.020016 0.947929 0.052071 
857367.179401 1.020016 0.948873 0.051127 
812010.254438 1.020016 0.947929 0.052071 
812010.254438 1.020016 0.947929 0.052071 
883577.059041 1.020018 0.944196 0.055804 
883577.059041 1.020018 0.944196 0.055804 
883577.059041 1.020018 0.944196 0.055804 
887011.212245 1.020018 0.944136 0.055864 
883577.059041 1.020018 0.944196 0.055804 
933313.047371 1.020020 0.946504 0.053496 
971862.007580 1.020020 0.949222 0.050778 
933313.047371 1.020020 0.946504 0.053496 
979783.900054 1.020020 0.948407 0.051593 
933313.047371 1.020020 0.946504 0.053496 

670157.501983 1.020015 0.943936 0.056064 
670157.501983 1.020015 0.943936 0.056064 
670157.501983 1.020015 0.943936 0.056064 
670157.501983 1.020015 0.943936 0.056064 
670157.501983 1.020015 0.943936 0.056064 
755078.260656 1.020016 0.949853 0.050147 
755078.260656 1.020016 0.949853 0.050147 
755078.260656 1.020016 0.949853 0.050147 
722677.238827 1.020016 0.945163 0.054837 
756663.430910 1.020016 0.947781 0.052219 
812010.254438 1.020016 0.947929 0.052071 
812010.254438 1.020016 0.947929 0.052071 
812010.254438 1.020016 0.947929 0.052071 
812010.254438 1.020016 0.947929 0.052071 
812010.254438 1.020016 0.947929 0.052071 
883577.059041 1.020018 0.944196 0.055804 
883577.059041 1.020018 0.944196 0.055804 
883577.059041 1.020018 0.944196 0.055804 
883577.059041 1.020018 0.944196 0.055804 
883577.059041 1.020018 0.944196 0.055804 
933313.047371 1.020020 0.946504 0.053496 
933313.047371 1.020020 0.946504 0.053496 
933313.047371 1.020020 0.946504 0.053496 
929353.608405 1.020020 0.945286 0.054714 
933313.047371 1.020020 0.946504 0.053496 

670157.501983 1.020015 0.943936 0.056064 
670157.501983 1.020015 0.943936 0.056064 
670421.677971 1.020015 0.944302 0.055698 
661393.550898 1.020015 0.948173 0.051827 
661393.550898 1.020015 0.948173 0.051827 
755078.260656 1.020016 0.949853 0.050147 
755078.260656 1.020016 0.949853 0.050147 
756399.305116 1.020016 0.947454 0.052546 
755078.260656 1.020016 0.949853 0.050147 
755078.260656 1.020016 0.949853 0.050147 
807385.984554 1.020016 0.946789 0.053211 
812010.254438 1.020016 0.947929 0.052071 
812010.254438 1.020016 0.947929 0.052071 
812010.254438 1.020016 0.947929 0.052071 
812010.254438 1.020016 0.947929 0.052071 
884353.867023 1.020018 0.945297 0.054703 
883577.059041 1.020018 0.944196 0.055804 
883577.059041 1.020018 0.944196 0.055804 
883577.059041 1.020018 0.944196 0.055804 
885426.218458 1.020018 0.944831 0.055169 
933313.047371 1.020020 0.946504 0.053496 
933313.047371 1.020020 0.946504 0.053496 
933313.047371 1.020020 0.946504 0.053496 
933313.047371 1.020020 0.946504 0.053496 
933313.047371 1.020020 0.946504 0.053496 

670157.501983 1.020015 0.943936 0.056064 
670157.501983 1.020015 0.943936 0.056064 
670157.501983 1.020015 0.943936 0.056064 
670157.501983 1.020015 0.943936 0.056064 
670157.501983 1.020015 0.943936 0.056064 
755078.260656 1.020016 0.949853 0.050147 
755078.260656 1.020016 0.949853 0.050147 
755078.260656 1.020016 0.949853 0.050147 
755078.260656 1.020016 0.949853 0.050147 
722677.238827 1.020016 0.945163 0.054837 
812010.254438 1.020016 0.947929 0.052071 
812010.254438 1.020016 0.947929 0.052071 
811746.081623 1.020016 0.947625 0.052375 
812010.254438 1.020016 0.947929 0.052071 
812274.427252 1.020016 0.948234 0.051766 
883577.059041 1.020018 0.944196 0.055804 
883577.059041 1.020018 0.944196 0.055804 
883577.059041 1.020018 0.944196 0.055804 
889892.392608 1.020018 0.945369 0.054631 
883577.059041 1.020018 0.944196 0.055804 
977935.103978 1.020020 0.948555 0.051445 
933313.047371 1.020020 0.946504 0.053496 
933313.047371 1.020020 0.946504 0.053496 
933313.047371 1.020020 0.946504 0.053496 
942289.535438 1.020020 0.948974 0.051026 

