629878.054800 1.020015 0.945767 0.054233 
620749.136477 1.020015 0.942406 0.057594 
637009.394679 1.020015 0.947429 0.052571 
629878.054800 1.020015 0.945767 0.054233 
629878.054800 1.020015 0.945767 0.054233 
620749.136477 1.020015 0.942406 0.057594 
629878.054800 1.020015 0.945767 0.054233 
629878.054800 1.020015 0.945767 0.054233 
629878.054800 1.020015 0.945767 0.054233 
629878.054800 1.020015 0.945767 0.054233 
633047.539191 1.020015 0.947860 0.052140 
620749.136477 1.020015 0.942406 0.057594 
629878.054800 1.020015 0.945767 0.054233 
629878.054800 1.020015 0.945767 0.054233 
629878.054800 1.020015 0.945767 0.054233 
629878.054800 1.020015 0.945767 0.054233 
629878.054800 1.020015 0.945767 0.054233 
629878.054800 1.020015 0.945767 0.054233 
629878.054800 1.020015 0.945767 0.054233 
629878.054800 1.020015 0.945767 0.054233 
629878.054800 1.020015 0.945767 0.054233 
620749.136477 1.020015 0.942406 0.057594 
633047.539191 1.020015 0.947860 0.052140 
629878.054800 1.020015 0.945767 0.054233 
629878.054800 1.020015 0.945767 0.054233 

629878.054800 1.020015 0.945767 0.054233 
629878.054800 1.020015 0.945767 0.054233 
629878.054800 1.020015 0.945767 0.054233 
629878.054800 1.020015 0.945767 0.054233 
629878.054800 1.020015 0.945767 0.054233 
633047.539191 1.020015 0.947860 0.052140 
629878.054800 1.020015 0.945767 0.054233 
629878.054800 1.020015 0.945767 0.054233 
629878.054800 1.020015 0.945767 0.054233 
629878.054800 1.020015 0.945767 0.054233 
630142.178499 1.020015 0.945788 0.054212 
629878.054800 1.020015 0.945767 0.054233 
635688.776183 1.020015 0.949166 0.050834 
635688.776183 1.020015 0.949166 0.050834 
629878.054800 1.020015 0.945767 0.054233 
629878.054800 1.020015 0.945767 0.054233 
629878.054800 1.020015 0.945767 0.054233 
629878.054800 1.020015 0.945767 0.054233 
629878.054800 1.020015 0.945767 0.054233 
629878.054800 1.020015 0.945767 0.054233 
629878.054800 1.020015 0.945767 0.054233 
629878.054800 1.020015 0.945767 0.054233 
629878.054800 1.020015 0.945767 0.054233 
629878.054800 1.020015 0.945767 0.054233 
635688.776183 1.020015 0.949166 0.050834 

629878.054800 1.020015 0.945767 0.054233 
629878.054800 1.020015 0.945767 0.054233 
629878.054800 1.020015 0.945767 0.054233 
629878.054800 1.020015 0.945767 0.054233 
629878.054800 1.020015 0.945767 0.054233 
620749.136477 1.020015 0.942406 0.057594 
629878.054800 1.020015 0.945767 0.054233 
629878.054800 1.020015 0.945767 0.054233 
629878.054800 1.020015 0.945767 0.054233 
629878.054800 1.020015 0.945767 0.054233 
629878.054800 1.020015 0.945767 0.054233 
629878.054800 1.020015 0.945767 0.054233 
630142.178499 1.020015 0.945788 0.054212 
629878.054800 1.020015 0.945767 0.054233 
630142.178499 1.020015 0.945788 0.054212 
620749.136477 1.020015 0.942406 0.057594 
635688.776183 1.020015 0.949166 0.050834 
629878.054800 1.020015 0.945767 0.054233 
633047.539191 1.020015 0.947860 0.052140 
637009.394679 1.020015 0.947429 0.052571 
629878.054800 1.020015 0.945767 0.054233 
629878.054800 1.020015 0.945767 0.054233 
629878.054800 1.020015 0.945767 0.054233 
629878.054800 1.020015 0.945767 0.054233 
629878.054800 1.020015 0.945767 0.054233 

629878.054800 1.020015 0.945767 0.054233 
629878.054800 1.020015 0.945767 0.054233 
629878.054800 1.020015 0.945767 0.054233 
629878.054800 1.020015 0.945767 0.054233 
629878.054800 1.020015 0.945767 0.054233 
629878.054800 1.020015 0.945767 0.054233 
629878.054800 1.020015 0.945767 0.054233 
629878.054800 1.020015 0.945767 0.054233 
629878.054800 1.020015 0.945767 0.054233 
629878.054800 1.020015 0.945767 0.054233 
629878.054800 1.020015 0.945767 0.054233 
630142.178499 1.020015 0.945788 0.054212 
631991.044394 1.020015 0.947409 0.052591 
629878.054800 1.020015 0.945767 0.054233 
629878.054800 1.020015 0.945767 0.054233 
629878.054800 1.020015 0.945767 0.054233 
629878.054800 1.020015 0.945767 0.054233 
629878.054800 1.020015 0.945767 0.054233 
629878.054800 1.020015 0.945767 0.054233 
629878.054800 1.020015 0.945767 0.054233 
629878.054800 1.020015 0.945767 0.054233 
629878.054800 1.020015 0.945767 0.054233 
629878.054800 1.020015 0.945767 0.054233 
629878.054800 1.020015 0.945767 0.054233 
629878.054800 1.020015 0.945767 0.054233 

629878.054800 1.020015 0.945767 0.054233 
629878.054800 1.020015 0.945767 0.054233 
629878.054800 1.020015 0.945767 0.054233 
629878.054800 1.020015 0.945767 0.054233 
629878.054800 1.020015 0.945767 0.054233 
629878.054800 1.020015 0.945767 0.054233 
629878.054800 1.020015 0.945767 0.054233 
629878.054800 1.020015 0.945767 0.054233 
629878.054800 1.020015 0.945767 0.054233 
629878.054800 1.020015 0.945767 0.054233 
629878.054800 1.020015 0.945767 0.054233 
629878.054800 1.020015 0.945767 0.054233 
633047.539191 1.020015 0.947860 0.052140 
629878.054800 1.020015 0.945767 0.054233 
629878.054800 1.020015 0.945767 0.054233 
629878.054800 1.020015 0.945767 0.054233 
629878.054800 1.020015 0.945767 0.054233 
629878.054800 1.020015 0.945767 0.054233 
629773.991480 1.020015 0.945767 0.054233 
629878.054800 1.020015 0.945767 0.054233 
629878.054800 1.020015 0.945767 0.054233 
629773.991480 1.020015 0.945767 0.054233 
629878.054800 1.020015 0.945767 0.054233 
629878.054800 1.020015 0.945767 0.054233 
629878.054800 1.020015 0.945767 0.054233 

