132385.936856 3.951478 0.793446 0.172616 
117664.594202 3.356927 0.796187 0.173570 
109261.775404 4.337781 0.782247 0.199029 
138291.384227 3.159953 0.770227 0.193096 
126492.331815 3.006979 0.746659 0.222545 
119997.001515 3.354396 0.726627 0.247337 
122358.624610 3.213154 0.769468 0.221879 
121697.052987 3.112341 0.736594 0.230407 
113928.510404 3.368856 0.717246 0.237051 
117451.303694 3.696087 0.710018 0.265378 
114072.439186 3.404501 0.702833 0.277878 
115273.967098 3.487645 0.693973 0.278525 
114867.718387 3.676285 0.672187 0.306111 
112750.885784 3.441405 0.701574 0.277240 
128613.330127 2.948134 0.669384 0.305655 
113475.110596 3.750419 0.674971 0.292584 

109082.815667 3.235958 0.785914 0.205718 
123053.800087 2.719159 0.772343 0.201691 
125217.070442 2.750677 0.755882 0.202353 
107031.280787 3.477926 0.763354 0.194726 
112651.238317 2.869402 0.759067 0.216321 
112873.170401 3.054277 0.735661 0.228180 
100529.768928 4.335456 0.763728 0.208092 
101195.610654 3.299313 0.734525 0.254470 
106489.506876 3.360663 0.736491 0.258172 
101258.887102 4.181343 0.735192 0.244599 
109784.525114 3.348930 0.737044 0.236084 
107290.508972 3.545723 0.688352 0.280669 
109769.734957 3.218765 0.643380 0.310423 
107461.636865 3.554551 0.692403 0.275479 
104831.964589 3.940310 0.692938 0.279950 
93005.434665 3.856400 0.677954 0.295093 

97915.069044 3.200377 0.735781 0.233261 
105115.325536 2.881900 0.776056 0.184507 
109938.783292 2.917855 0.746063 0.213255 
100455.451983 2.982561 0.774834 0.203826 
90026.355174 3.572707 0.719789 0.246224 
108535.294751 3.062469 0.733860 0.245059 
88450.796615 3.475336 0.729708 0.232467 
99853.797694 3.331114 0.721493 0.259848 
103767.754531 3.587202 0.718338 0.255937 
106890.778010 3.157896 0.683436 0.292638 
93053.863774 3.572585 0.686080 0.298295 
93975.392322 3.591346 0.671478 0.305155 
86874.148168 4.838067 0.646811 0.318150 
84780.440666 4.077837 0.646974 0.318444 
89418.622769 4.356713 0.614370 0.350033 
91745.432570 3.838492 0.650439 0.308993 

87985.499011 2.904659 0.726841 0.228820 
85667.766465 3.500814 0.734644 0.235872 
88085.271962 3.653353 0.758065 0.208065 
92434.896387 3.187805 0.723341 0.242356 
77572.224755 3.751658 0.727273 0.245366 
73246.052604 3.860819 0.684859 0.258803 
75334.474404 3.783046 0.701467 0.257981 
78843.772541 3.931077 0.728682 0.237726 
91418.986507 3.607873 0.667606 0.296479 
87098.447234 3.555079 0.660336 0.313367 
88841.239735 3.523714 0.661417 0.304223 
85912.856924 3.780916 0.657040 0.306859 
76997.271992 4.188116 0.641628 0.338811 
81402.263201 3.890959 0.662975 0.306171 
95300.339559 3.313358 0.662651 0.305221 
71304.215073 4.355425 0.615261 0.333333 

84581.382968 3.475041 0.740833 0.245833 
77230.631455 4.075820 0.725322 0.231760 
77717.482804 3.463165 0.721094 0.238305 
59659.469764 4.216952 0.697950 0.256742 
65348.471686 3.879756 0.682342 0.310940 
61716.113847 4.073905 0.682672 0.276618 
60840.105769 4.230984 0.685654 0.274262 
75565.789976 3.778909 0.682125 0.283305 
88906.767516 3.679231 0.684134 0.286026 
74199.271446 3.761733 0.677003 0.291128 
73998.849477 3.390936 0.650043 0.322442 
86653.145305 3.599221 0.702473 0.274343 
77568.057602 4.191464 0.656847 0.312102 
75352.709848 4.241295 0.639871 0.308682 
71539.600619 4.180241 0.633745 0.320988 
72685.219373 4.183163 0.584227 0.376723 

