128768.231050 2.974905 0.762457 0.203940 
119397.114091 3.116725 0.773704 0.201011 
125127.598367 2.977857 0.816041 0.167409 
118943.835926 3.189061 0.814077 0.160691 
114683.211094 3.315219 0.807509 0.172014 
124468.478061 2.872171 0.756272 0.209677 
117790.260745 3.510495 0.791749 0.187295 
121855.725351 3.072917 0.765568 0.207570 
123419.832580 3.186185 0.794581 0.175803 
121997.029160 3.266675 0.776681 0.203578 
116115.875920 3.156417 0.769231 0.196509 
117222.595287 3.428533 0.783819 0.177994 
117278.182042 3.159100 0.774131 0.191763 
116052.769818 3.443632 0.780263 0.188816 
135944.492304 2.829883 0.801729 0.183285 
123994.179977 3.294993 0.761819 0.208857 

119258.547275 2.784090 0.778761 0.201011 
112227.631715 2.952795 0.782258 0.191532 
120868.914243 2.814400 0.787594 0.176692 
105756.054920 3.312668 0.766434 0.200699 
108125.832878 2.944661 0.780166 0.189320 
112976.437717 2.776323 0.770360 0.225634 
112536.064108 2.977497 0.793857 0.187713 
108764.798530 3.419053 0.781293 0.184319 
109453.770854 3.343079 0.785124 0.186639 
108269.435186 3.069608 0.771076 0.189856 
112438.868817 3.170996 0.774781 0.209710 
107194.559272 3.213671 0.815541 0.164125 
125939.603413 2.815425 0.771752 0.194279 
118738.712195 2.759072 0.811556 0.169402 
116519.454167 3.044395 0.767959 0.200254 
110096.476139 2.844922 0.790489 0.195727 

88249.718830 3.626627 0.781667 0.171667 
104168.249790 3.147934 0.804589 0.183568 
110625.452822 2.724576 0.762735 0.217158 
96129.778546 3.254624 0.790210 0.184926 
106654.746075 3.211685 0.790254 0.187853 
98391.150400 3.020952 0.766224 0.219027 
94558.708052 3.469342 0.795656 0.173773 
99594.522618 3.447267 0.794852 0.170326 
110171.723467 3.248554 0.758140 0.207973 
94179.065930 3.246073 0.791367 0.185452 
93617.039091 3.402409 0.766254 0.217492 
89914.886225 3.611719 0.793161 0.171810 
99318.699691 3.142644 0.770504 0.221219 
99192.406075 3.410027 0.788636 0.171970 
93524.462597 3.149841 0.782889 0.207425 
99856.110375 3.529152 0.781711 0.177729 

91997.278896 3.325159 0.739164 0.229876 
73406.300493 3.801711 0.752852 0.230989 
100107.681535 3.009033 0.751615 0.215363 
83702.228602 3.080701 0.766667 0.210256 
86426.890525 3.248694 0.747941 0.224876 
83652.753642 3.149608 0.756014 0.203608 
89240.454175 3.555934 0.768421 0.207287 
97851.659502 3.281915 0.749817 0.217168 
81668.856652 3.854147 0.782453 0.180842 
85314.087840 3.668419 0.769554 0.188394 
89147.571561 3.205938 0.761866 0.204344 
71672.262350 4.142816 0.773346 0.205253 
94909.224462 3.046794 0.755418 0.219814 
79084.323593 3.605999 0.776471 0.187330 
90901.434096 3.000833 0.731402 0.245106 
86537.721970 3.549566 0.736156 0.234528 

63980.897194 4.162859 0.747053 0.226152 
76120.367592 3.414203 0.728584 0.249775 
76071.853050 3.445624 0.729973 0.252925 
72925.479398 3.004221 0.689781 0.319343 
66868.356402 4.031206 0.745158 0.211009 
80498.265016 3.567713 0.754039 0.233393 
81344.788282 3.543289 0.730868 0.239897 
66211.908483 3.980540 0.746098 0.232050 
68685.384487 3.563710 0.747711 0.224822 
68715.486476 3.989307 0.722705 0.238647 
86356.843978 3.222420 0.745861 0.216060 
78303.795592 3.575917 0.758094 0.216727 
69812.228899 3.737477 0.775051 0.203476 
73716.704454 3.285375 0.751646 0.231421 
69264.249498 4.093549 0.734127 0.246032 
64024.068235 4.527945 0.727642 0.235772 

