198099.651913 2.873684 0.888644 0.078785 
158312.436128 3.465832 0.854440 0.097215 
172864.052200 3.397665 0.874570 0.087063 
156007.205716 3.257500 0.871698 0.117520 
232237.591828 2.313611 0.863603 0.112500 
183243.905431 3.228882 0.847953 0.112011 
173757.872481 3.333016 0.815717 0.125919 
223638.800090 2.206214 0.853962 0.122264 
170366.228225 2.939899 0.785455 0.199545 
174187.598375 3.286439 0.798304 0.172691 
253324.693567 2.189416 0.859785 0.128447 
154703.772611 3.607899 0.793548 0.187097 
201102.763143 2.538942 0.777651 0.211707 
163697.193607 3.633075 0.721220 0.241409 
161976.723519 3.590687 0.741864 0.201070 
210728.173129 2.827069 0.775000 0.194203 

159863.221456 3.074126 0.833762 0.145136 
180752.545174 3.174042 0.859454 0.121128 
176301.557597 3.169909 0.880466 0.086978 
163954.452323 3.087667 0.839881 0.136251 
160076.450715 3.253052 0.839086 0.127919 
193460.895615 3.115936 0.838448 0.145354 
165316.684224 2.851582 0.798592 0.168545 
152969.327574 3.742809 0.801125 0.153374 
175259.981541 3.205413 0.794604 0.165796 
156510.077590 3.633756 0.769339 0.194093 
169677.335447 3.063685 0.773113 0.202769 
148593.788742 3.335474 0.771372 0.204771 
174817.522969 3.096630 0.772591 0.198287 
163385.602064 3.453817 0.728299 0.220052 
158401.373384 3.580309 0.720196 0.262456 
219414.542160 2.653667 0.776073 0.190094 

162790.548917 3.324021 0.851042 0.126589 
171079.478357 2.985267 0.852841 0.116076 
166920.156718 2.888310 0.881133 0.101669 
215516.611001 2.305174 0.876794 0.098086 
187425.682301 2.805292 0.841875 0.133158 
178274.746475 3.076608 0.824386 0.142857 
139636.349850 3.465867 0.784893 0.186097 
170679.355565 2.790226 0.812442 0.145311 
176913.251517 3.379457 0.794793 0.188879 
147671.761600 3.617031 0.803514 0.177316 
223957.423096 2.391437 0.827233 0.160322 
163524.651173 3.555820 0.770852 0.184693 
164529.715896 3.618358 0.760126 0.199820 
170147.709346 3.321216 0.786738 0.194892 
145935.383127 3.946473 0.767821 0.216395 
179507.392134 3.070940 0.763201 0.209158 

131617.014335 3.603403 0.848225 0.145043 
126203.006080 3.739053 0.855016 0.127508 
143994.831698 3.412677 0.854931 0.126147 
121390.223120 3.049354 0.796696 0.169632 
160750.310053 3.491722 0.811312 0.150171 
191919.258316 2.510212 0.867459 0.120652 
135727.006027 3.763247 0.791096 0.189498 
144506.164697 3.721346 0.778304 0.201685 
150898.748157 3.324039 0.790791 0.188188 
137914.243632 3.792524 0.762947 0.209290 
146759.082950 2.959907 0.758016 0.203407 
144547.184971 3.530612 0.762024 0.212425 
151104.979146 3.233622 0.741766 0.224344 
140949.812574 3.390861 0.743802 0.240186 
144315.178901 3.478590 0.737494 0.226845 
166792.529191 3.802232 0.754084 0.209713 

139788.503066 2.642986 0.829960 0.157316 
99752.248498 4.459679 0.822119 0.151585 
142519.426875 3.007954 0.822482 0.144129 
154093.406680 2.592726 0.826953 0.167278 
164983.640078 2.977277 0.839137 0.142227 
115658.096167 3.978785 0.769724 0.205901 
141429.432697 3.510522 0.816315 0.150388 
129285.865629 3.463687 0.804878 0.166568 
160593.645563 3.512631 0.786160 0.184046 
158959.786277 3.141858 0.810891 0.163366 
120538.218674 4.812889 0.753293 0.258683 
170961.962497 3.139638 0.794720 0.169777 
122683.859877 3.116112 0.681058 0.286562 
144258.964799 3.328821 0.738810 0.248401 
121519.714610 3.044406 0.691120 0.315499 
144131.037668 3.264201 0.777080 0.216117 

