173506.111275 3.186104 0.857761 0.098510 
160225.541343 3.260436 0.881474 0.097170 
164354.326575 3.248378 0.864669 0.109504 
144682.605019 3.892673 0.865463 0.096680 
145638.505210 3.554127 0.859599 0.112894 
158467.495908 3.343568 0.856691 0.102740 
171845.860163 2.996391 0.880798 0.094763 
157529.863046 3.351533 0.874118 0.101465 
187417.879025 2.769420 0.871854 0.112128 
160970.817347 3.206521 0.861691 0.098121 
177837.076238 3.041861 0.860808 0.104988 
179371.653448 2.786017 0.835385 0.128591 
187580.774970 2.980897 0.879247 0.089073 
177591.300940 2.978090 0.869378 0.103828 
238242.030650 2.360035 0.896398 0.088377 
198188.620293 2.806087 0.863131 0.105218 

196005.741150 2.478502 0.860847 0.113656 
157944.976914 2.651239 0.855724 0.119707 
180602.268371 3.049002 0.864000 0.110118 
230807.610162 2.173081 0.893430 0.091673 
149728.305699 3.347271 0.892529 0.064943 
172376.888922 2.901086 0.871253 0.119902 
162432.865083 3.286681 0.868682 0.094841 
263765.219394 1.875726 0.894418 0.098184 
170167.829299 3.307101 0.880785 0.092555 
165442.510327 3.066344 0.870380 0.100253 
183551.442531 2.993672 0.875350 0.102708 
170937.724877 2.992182 0.859589 0.112524 
230968.466955 2.028037 0.904099 0.070379 
170481.720240 3.052137 0.850812 0.117676 
176626.941475 2.861459 0.856668 0.114855 
167098.380285 2.979771 0.850196 0.123281 

166336.192293 2.534140 0.850074 0.138545 
161195.986385 2.815365 0.861680 0.110143 
148113.678317 3.640141 0.863485 0.098224 
200247.721222 2.703248 0.878133 0.112360 
159540.813975 3.290335 0.874736 0.096723 
229404.351447 2.100517 0.890453 0.089007 
153634.965799 2.909900 0.842495 0.112051 
159233.598625 3.167983 0.871256 0.092486 
153639.576850 3.726900 0.867242 0.077172 
162599.918455 2.214059 0.841919 0.144949 
186583.422386 2.521947 0.865970 0.115402 
159823.267731 2.695358 0.871398 0.109925 
182614.776948 2.611732 0.866295 0.098422 
171886.735132 2.931008 0.858806 0.098981 
192110.740160 2.541472 0.861123 0.125166 
158843.434982 2.909562 0.845566 0.122834 

139498.283877 3.081518 0.840209 0.122603 
145514.967660 3.044345 0.855937 0.117051 
146540.573207 3.448745 0.881171 0.088978 
141598.190016 3.353877 0.845266 0.125289 
152192.876097 3.376271 0.871039 0.116732 
143302.212878 3.177471 0.851852 0.126157 
157901.976300 2.922197 0.857520 0.126649 
140283.757836 3.398163 0.835234 0.116876 
164038.726319 2.685572 0.853239 0.116397 
169662.656377 2.635909 0.856168 0.120917 
148605.472745 3.504746 0.860335 0.107263 
198264.287599 2.612018 0.875976 0.098439 
164818.525045 2.847310 0.875841 0.100879 
143946.277029 3.386228 0.853547 0.110412 
169184.332366 2.972032 0.854823 0.127461 
123785.663872 4.129879 0.849441 0.118343 

157915.449014 2.525122 0.851109 0.130940 
121142.023337 3.650772 0.847984 0.131527 
132357.461340 3.563142 0.851692 0.121846 
144462.264298 3.325177 0.841011 0.126966 
142497.193313 2.752170 0.833709 0.152762 
119209.413726 3.805897 0.842070 0.142473 
161335.223074 3.287882 0.862949 0.112038 
134930.655918 3.256498 0.825547 0.143702 
121424.884624 3.424601 0.833012 0.141297 
163763.676978 2.854267 0.862385 0.118756 
125346.141754 3.712414 0.852659 0.126842 
139813.388077 3.440696 0.841893 0.118869 
162972.509628 2.572269 0.862564 0.123077 
149180.070219 2.696905 0.857302 0.122631 
143099.592284 3.267432 0.850114 0.124142 
122193.427679 3.439939 0.837330 0.141283 

