145616.749285 2.046590 0.957616 0.027152 
136948.346937 2.248047 0.940608 0.045580 
123264.166719 2.156048 0.943208 0.033768 
122817.551262 2.098548 0.918797 0.052632 
158170.945496 2.345103 0.945312 0.037861 
162245.851587 1.988352 0.944216 0.028186 
180201.615829 2.237311 0.956103 0.031585 
157956.154601 2.394358 0.940012 0.034193 
162366.419715 2.480447 0.942589 0.053310 
164884.162546 2.523561 0.928005 0.034580 
164480.702634 2.494155 0.915359 0.058857 
192241.202921 1.839305 0.923375 0.060621 
153135.572383 2.773503 0.914406 0.069922 
163140.723931 2.841821 0.920364 0.073948 
154816.017383 2.779101 0.917661 0.048926 
168903.104323 2.418895 0.905997 0.069152 

226654.323733 1.881481 0.920913 0.064411 
173322.936535 2.550491 0.916535 0.058109 
131055.891020 2.507936 0.870968 0.104674 
150096.173019 2.473721 0.902745 0.061456 
161893.626503 2.863888 0.898455 0.083333 
169837.612782 3.032626 0.898260 0.072746 
158182.114277 3.046862 0.873557 0.081363 
187466.976483 2.776752 0.872082 0.103175 
156074.354705 3.059265 0.869637 0.088559 
159684.950046 3.105961 0.842880 0.140305 
177818.890677 2.857689 0.845170 0.122633 
209696.375415 2.414467 0.879093 0.094878 
194789.140376 2.709665 0.849369 0.121463 
161856.200368 3.226040 0.798423 0.162642 
175917.570921 2.737370 0.825598 0.144866 
176364.215272 3.164104 0.833333 0.125706 

