132657.001943 2.332114 0.961426 0.021834 
157228.857204 2.763291 0.956308 0.026462 
144216.844070 2.110843 0.946499 0.038309 
188600.772840 1.380220 0.963880 0.034056 
174799.560993 1.358141 0.945445 0.032188 
142954.061033 2.284154 0.954973 0.006048 
140231.611288 1.831224 0.938885 0.023506 
247138.652317 1.227288 0.950214 0.044341 
159795.210416 1.923589 0.953642 0.034317 
137779.713941 2.103308 0.951423 0.031228 
135214.440516 2.185164 0.950530 0.022615 
126641.476497 1.868106 0.960456 0.023574 
178886.461046 1.886399 0.954717 0.019407 
151125.539577 2.148729 0.945214 0.020151 
130027.510989 1.832444 0.889347 0.094158 
137551.947370 2.175259 0.938314 0.040439 

157099.512655 2.773069 0.914832 0.045191 
163496.653140 2.737079 0.904788 0.055036 
222202.544597 1.611551 0.933221 0.058379 
184044.107965 2.747149 0.922922 0.054408 
180441.956433 2.420738 0.908451 0.071932 
167475.835880 2.753294 0.928729 0.033149 
178271.178707 2.531764 0.923913 0.072981 
144224.742933 2.785119 0.914412 0.069855 
171665.276726 2.565527 0.919467 0.049067 
175361.601667 2.615773 0.926804 0.050026 
176501.334806 2.540480 0.926139 0.041383 
228417.608867 1.828266 0.944536 0.036010 
157976.320745 2.704566 0.911494 0.055172 
149516.955818 2.530296 0.927116 0.060531 
180539.188625 2.421176 0.915066 0.068251 
161708.537566 2.581524 0.918264 0.063698 

145575.567805 2.989475 0.882562 0.100830 
168033.155352 2.593798 0.866940 0.112590 
166537.815805 2.486915 0.881648 0.085506 
199145.434161 2.355654 0.891507 0.077812 
159904.898262 3.284331 0.899834 0.060874 
163012.686862 2.959190 0.877119 0.087924 
154512.717992 3.063160 0.883878 0.086809 
214648.610503 2.403329 0.905912 0.065779 
170506.565767 2.996746 0.893004 0.088477 
159857.686101 3.099374 0.878261 0.095109 
180797.570667 2.800099 0.898139 0.070029 
141638.191442 2.747780 0.853787 0.113329 
158939.611621 3.036145 0.887432 0.082514 
163793.046909 3.143113 0.866807 0.123230 
188774.525387 2.492490 0.905393 0.079470 
171839.644644 2.997507 0.886965 0.099796 

