114617.408701 3.061435 0.770833 0.194010 
114819.651571 2.923704 0.768590 0.208974 
117789.475834 3.092759 0.772321 0.195791 
92460.530703 3.921645 0.750193 0.209590 
109425.183940 3.127718 0.737864 0.227832 
101327.572179 3.827135 0.754690 0.226551 
108590.970000 3.288466 0.759784 0.215924 
110687.018131 3.196141 0.722013 0.235220 
98083.704073 3.389692 0.689725 0.271995 
98222.675151 3.516305 0.699391 0.279621 
104147.519105 3.481062 0.756925 0.231302 
102878.236219 3.497938 0.703925 0.284764 
106053.038201 3.450191 0.658522 0.313468 
100959.588491 3.537872 0.653342 0.316052 
108356.674712 3.767695 0.699811 0.273128 
97877.873271 3.641352 0.644501 0.317136 

111605.275117 2.956909 0.753398 0.219417 
106371.070613 3.217751 0.769924 0.191268 
114701.072463 3.147309 0.742568 0.234662 
113440.610402 3.179413 0.751746 0.205714 
97480.250293 4.363475 0.800311 0.181041 
110127.651371 3.330700 0.770261 0.198259 
96817.275139 3.658833 0.710175 0.259649 
117717.822088 3.393578 0.750308 0.237361 
105204.654494 3.842296 0.722739 0.254654 
102913.508825 3.530853 0.687858 0.266370 
114377.676695 3.454938 0.713422 0.263603 
108300.982309 4.374810 0.716667 0.240385 
104407.424608 4.065665 0.670784 0.295244 
103633.154858 3.875536 0.669582 0.284197 
94075.377625 4.112223 0.687104 0.295278 
104963.292837 3.567127 0.669104 0.285801 

110454.414393 3.090791 0.778905 0.198107 
108114.139539 3.358239 0.776773 0.200278 
107607.785741 3.241916 0.729659 0.238189 
105345.978592 3.562981 0.766162 0.202201 
106585.795748 3.528917 0.730642 0.227664 
104650.096979 3.298269 0.739576 0.237184 
105064.541803 3.219521 0.730640 0.239057 
102145.457242 3.661846 0.730137 0.231507 
111593.379037 3.931847 0.746641 0.221369 
99780.890520 4.239819 0.659860 0.303127 
107722.365458 3.974419 0.670468 0.282713 
102684.272983 3.578351 0.732471 0.215793 
103551.554759 3.753332 0.678823 0.292386 
91893.151689 4.215623 0.644606 0.316347 
96792.362951 3.942342 0.654557 0.314213 
98154.082166 4.125987 0.680949 0.272248 

107413.147057 3.017301 0.797288 0.171306 
111246.980084 3.043935 0.785425 0.180837 
114330.424507 2.842775 0.764935 0.214935 
112505.070114 3.143705 0.754864 0.216602 
130223.171211 2.730937 0.722491 0.250671 
107994.046466 3.374251 0.742706 0.226790 
109230.494657 3.572937 0.756522 0.214716 
116431.130292 3.146788 0.706195 0.267847 
104214.682595 3.828328 0.725946 0.244194 
106326.916350 3.533718 0.727273 0.234904 
104663.243153 3.380178 0.701473 0.265215 
101741.924483 3.626241 0.694172 0.266536 
101426.604492 3.648374 0.641134 0.326900 
99302.200751 3.904434 0.637087 0.326193 
111295.180393 3.293572 0.637689 0.332025 
101400.837822 3.909951 0.683162 0.276350 

109028.878398 3.380565 0.770705 0.194387 
110202.019108 3.444296 0.764276 0.204515 
110701.145934 3.549119 0.750986 0.213535 
97246.315790 4.209748 0.744510 0.228404 
106393.446614 3.235414 0.746939 0.236735 
114833.784565 3.185554 0.737005 0.228960 
126885.851916 3.046463 0.747866 0.223677 
112012.130866 3.444418 0.713589 0.251066 
104925.910870 3.463797 0.716993 0.259477 
104039.522443 4.002288 0.677806 0.281841 
97078.162924 4.060491 0.688215 0.285522 
133060.218971 2.691471 0.702436 0.273717 
113307.459454 3.344349 0.675362 0.273623 
100158.773699 3.891582 0.701003 0.288963 
113257.345258 3.886214 0.691765 0.268824 
102648.217281 3.751820 0.627729 0.325074 

