114533.377806 3.333401 0.778581 0.192510 
117894.059876 2.775971 0.780707 0.195498 
123300.169956 2.906037 0.775274 0.181486 
109245.692155 3.078646 0.770748 0.191156 
109582.752951 3.033035 0.762129 0.207547 
117199.706974 2.874256 0.752506 0.215539 
116256.229133 2.779635 0.776341 0.195863 
120265.466976 2.794937 0.762109 0.209687 
110582.751185 2.982929 0.774629 0.195682 
105986.084481 3.039634 0.790531 0.200861 
112508.697843 3.131201 0.780520 0.180787 
105535.792863 3.602026 0.794964 0.177698 
107905.595909 3.292873 0.796819 0.177874 
122650.013930 3.620670 0.798611 0.183712 
107178.483443 3.038144 0.789511 0.179305 
122814.903960 2.782504 0.771290 0.189781 

104286.686354 2.940538 0.790087 0.182216 
103197.720389 3.668124 0.783706 0.186734 
113158.357167 3.162202 0.816398 0.175893 
110456.050327 3.026124 0.764628 0.201463 
135619.062340 2.424480 0.780737 0.185269 
111869.946749 3.410545 0.770557 0.190981 
114834.764479 3.417883 0.782609 0.184296 
115553.146254 3.264577 0.810229 0.169583 
121736.516445 2.969511 0.789179 0.168532 
123119.518730 2.732259 0.783230 0.196273 
109337.260633 3.109455 0.794549 0.186583 
109504.251501 3.110203 0.774260 0.198211 
124311.223511 2.918024 0.792721 0.191240 
119357.918227 3.235170 0.760763 0.207257 
113261.516194 2.950059 0.762987 0.203247 
112317.746431 3.106557 0.772084 0.196224 

105288.185667 3.518499 0.800000 0.177455 
112486.342168 3.011822 0.810717 0.161447 
112911.265993 3.268791 0.775942 0.197621 
104165.909172 3.264999 0.784682 0.187861 
116035.327150 3.064333 0.805090 0.170127 
114306.519325 2.801207 0.787698 0.185185 
116027.543898 3.149012 0.774048 0.196256 
121008.978932 3.276901 0.805663 0.167954 
112418.598058 2.863914 0.806052 0.162999 
123697.006252 2.865897 0.762560 0.202153 
121831.984338 3.010343 0.779577 0.195517 
105410.446584 3.237814 0.774308 0.193754 
113282.736550 2.892794 0.780439 0.191617 
119906.275248 2.865519 0.754866 0.215328 
109052.663241 2.824733 0.801973 0.173362 
114970.840713 2.850972 0.801351 0.190541 

113806.985897 3.101595 0.777559 0.190289 
120464.344235 2.749691 0.798455 0.176433 
123641.810529 2.820961 0.789053 0.182657 
113242.812251 2.945523 0.779402 0.187375 
112201.480016 3.288711 0.804273 0.175052 
113071.039024 3.165875 0.774900 0.191235 
115109.586707 2.948515 0.772258 0.194839 
110956.045969 3.347232 0.781165 0.176829 
113792.289131 3.036777 0.789685 0.191561 
122160.646640 2.906357 0.778392 0.191529 
112262.737385 3.336018 0.765789 0.213816 
109430.619883 3.096045 0.788595 0.179416 
119996.710758 2.935494 0.789107 0.186827 
106643.934610 3.243403 0.783321 0.183892 
118888.799634 2.973529 0.789003 0.182864 
104842.644850 3.087855 0.802360 0.172566 

107856.509739 3.768230 0.771448 0.198353 
113856.638647 3.621474 0.784534 0.195638 
100603.443823 3.328717 0.784066 0.187640 
109473.223754 3.253703 0.775273 0.187158 
113017.800951 3.185249 0.767869 0.199344 
110787.610689 3.103289 0.795876 0.176632 
113382.134701 3.079721 0.779031 0.199071 
117786.179950 3.090004 0.766078 0.196091 
104917.823879 3.271998 0.798105 0.177114 
107829.830762 3.200742 0.792412 0.191124 
108073.796789 2.916974 0.788006 0.182706 
108221.779617 3.643902 0.826471 0.151471 
108068.029395 3.011678 0.789437 0.191549 
106961.472122 2.850675 0.786469 0.188865 
121474.026046 3.015997 0.776880 0.192045 
114170.921938 2.991297 0.777558 0.187459 

