178965.158880 1.030541 0.903689 0.038934 4.000000
178965.158880 1.030541 0.903689 0.038934 4.000000
178965.158880 1.030541 0.903689 0.038934 4.000000
178965.158880 1.030541 0.903689 0.038934 4.000000
178965.158880 1.030541 0.903689 0.038934 4.000000
227902.034296 1.030568 0.892971 0.025559 4.000000
227902.034296 1.030568 0.892971 0.025559 4.000000
227902.034296 1.030568 0.892971 0.025559 4.000000
227902.034296 1.030568 0.892971 0.025559 4.000000
227902.034296 1.030568 0.892971 0.025559 4.000000
231651.054736 1.032585 0.866514 0.041953 4.000000
231651.054736 1.032585 0.866514 0.041953 4.000000
231651.054736 1.032585 0.866514 0.041953 4.000000
231651.054736 1.032585 0.866514 0.041953 4.000000
231651.054736 1.032585 0.866514 0.041953 4.000000
201240.514054 1.037763 0.844710 0.038396 4.000000
212100.021740 1.037737 0.871237 0.040134 4.000000
212100.021740 1.037737 0.871237 0.040134 4.000000
212100.021740 1.037737 0.871237 0.040134 4.000000
212100.021740 1.037737 0.871237 0.040134 4.000000
288016.578120 1.044308 0.855839 0.038929 4.000000
278224.142593 1.045254 0.865140 0.039440 4.000000
269066.914088 1.043490 0.862385 0.041284 4.000000
269066.914088 1.043490 0.862385 0.041284 4.000000
269066.914088 1.043490 0.862385 0.041284 4.000000

345358.302633 1.031128 0.888021 0.031771 5.000000
345358.302633 1.031128 0.888021 0.031771 5.000000
345358.302633 1.031128 0.888021 0.031771 5.000000
345358.302633 1.031128 0.888021 0.031771 5.000000
345358.302633 1.031128 0.888021 0.031771 5.000000
335857.154599 1.035716 0.870545 0.045073 4.000000
335857.154599 1.035716 0.870545 0.045073 4.000000
335857.154599 1.035716 0.870545 0.045073 4.000000
335857.154599 1.035716 0.870545 0.045073 4.000000
335857.154599 1.035716 0.870545 0.045073 4.000000
385325.660650 1.043743 0.852584 0.040449 5.000000
385325.660650 1.043743 0.852584 0.040449 5.000000
385325.660650 1.043743 0.852584 0.040449 5.000000
385325.660650 1.043743 0.852584 0.040449 5.000000
385325.660650 1.043743 0.852584 0.040449 5.000000
535138.041595 1.046589 0.904285 0.034209 6.000000
498095.934588 1.050489 0.885299 0.039564 6.000000
498095.934588 1.050489 0.885299 0.039564 6.000000
498095.934588 1.050489 0.885299 0.039564 6.000000
498095.934588 1.050489 0.885299 0.039564 6.000000
495221.574724 1.066356 0.882460 0.036026 6.000000
505163.421633 1.068123 0.876329 0.037208 5.000000
556758.968563 1.069277 0.902188 0.034483 6.000000
556758.968563 1.069277 0.902188 0.034483 6.000000
556758.968563 1.069277 0.902188 0.034483 6.000000

398790.667611 1.031050 0.860061 0.042590 5.000000
398790.667611 1.031050 0.860061 0.042590 5.000000
398790.667611 1.031050 0.860061 0.042590 5.000000
398790.667611 1.031050 0.860061 0.042590 5.000000
398790.667611 1.031050 0.860061 0.042590 5.000000
505345.113167 1.035580 0.885613 0.038366 5.000000
505345.113167 1.035580 0.885613 0.038366 5.000000
505345.113167 1.035580 0.885613 0.038366 5.000000
505345.113167 1.035580 0.885613 0.038366 5.000000
505345.113167 1.035580 0.885613 0.038366 5.000000
596893.604961 1.044880 0.884163 0.040121 6.000000
593775.082830 1.044789 0.884440 0.041856 6.000000
593775.082830 1.044789 0.884440 0.041856 6.000000
593775.082830 1.044789 0.884440 0.041856 6.000000
593775.082830 1.044789 0.884440 0.041856 6.000000
704906.207032 1.063335 0.896185 0.034259 7.000000
704906.207032 1.063335 0.896185 0.034259 7.000000
704906.207032 1.063335 0.896185 0.034259 7.000000
698249.776550 1.063289 0.894613 0.035042 7.000000
707407.364381 1.063619 0.894886 0.035124 7.000000
668679.146385 1.126486 0.882068 0.040657 7.000000
664357.444553 1.127613 0.879730 0.041081 6.000000
682409.819141 1.123513 0.883192 0.040433 6.000000
699885.723089 1.135588 0.882307 0.040948 7.000000
699885.723089 1.135588 0.882307 0.040948 7.000000

507207.593168 1.035600 0.872363 0.046351 6.000000
507207.593168 1.035600 0.872363 0.046351 6.000000
507207.593168 1.035600 0.872363 0.046351 6.000000
507207.593168 1.035600 0.872363 0.046351 6.000000
507207.593168 1.035600 0.872363 0.046351 6.000000
591265.182055 1.042669 0.898649 0.040541 6.000000
591265.182055 1.042669 0.898649 0.040541 6.000000
591265.182055 1.042669 0.898649 0.040541 6.000000
591265.182055 1.042669 0.898649 0.040541 6.000000
591265.182055 1.042669 0.898649 0.040541 6.000000
643592.868064 1.049209 0.880055 0.042659 7.000000
642497.068024 1.049547 0.876243 0.043370 7.000000
642497.068024 1.049547 0.876243 0.043370 7.000000
642497.068024 1.049547 0.876243 0.043370 7.000000
642497.068024 1.049547 0.876243 0.043370 7.000000
700796.059383 1.065925 0.877764 0.047014 7.000000
700796.059383 1.065925 0.877764 0.047014 7.000000
696606.575994 1.065905 0.873347 0.048576 7.000000
699936.945481 1.067920 0.872976 0.048583 7.000000
699071.113075 1.067036 0.875731 0.046760 7.000000
704895.189970 1.121667 0.878320 0.045282 8.000000
704895.189970 1.121667 0.878320 0.045282 8.000000
704895.189970 1.121667 0.878320 0.045282 8.000000
704895.189970 1.121667 0.878320 0.045282 8.000000
704895.189970 1.121667 0.878320 0.045282 8.000000

