183768.934812 1.030699 0.889980 0.033399 4.000000
183768.934812 1.030699 0.889980 0.033399 4.000000
183768.934812 1.030699 0.889980 0.033399 4.000000
183768.934812 1.030699 0.889980 0.033399 4.000000
183768.934812 1.030699 0.889980 0.033399 4.000000
183768.934812 1.030699 0.889980 0.033399 4.000000
183768.934812 1.030699 0.889980 0.033399 4.000000
183768.934812 1.030699 0.889980 0.033399 4.000000
183768.934812 1.030699 0.889980 0.033399 4.000000
183768.934812 1.030699 0.889980 0.033399 4.000000
183768.934812 1.030699 0.889980 0.033399 4.000000
183768.934812 1.030699 0.889980 0.033399 4.000000
183768.934812 1.030699 0.889980 0.033399 4.000000
183768.934812 1.030699 0.889980 0.033399 4.000000
183768.934812 1.030699 0.889980 0.033399 4.000000
183768.934812 1.030699 0.889980 0.033399 4.000000
183768.934812 1.030699 0.889980 0.033399 4.000000
183768.934812 1.030699 0.889980 0.033399 4.000000
183768.934812 1.030699 0.889980 0.033399 4.000000
183768.934812 1.030699 0.889980 0.033399 4.000000
183768.934812 1.030699 0.889980 0.033399 4.000000
183768.934812 1.030699 0.889980 0.033399 4.000000
183768.934812 1.030699 0.889980 0.033399 4.000000
183768.934812 1.030699 0.889980 0.033399 4.000000
183768.934812 1.030699 0.889980 0.033399 4.000000

324771.364541 1.029744 0.869989 0.039003 4.000000
324771.364541 1.029744 0.869989 0.039003 4.000000
324771.364541 1.029744 0.869989 0.039003 4.000000
324771.364541 1.029744 0.869989 0.039003 4.000000
324771.364541 1.029744 0.869989 0.039003 4.000000
324771.364541 1.029744 0.869989 0.039003 4.000000
324771.364541 1.029744 0.869989 0.039003 4.000000
324771.364541 1.029744 0.869989 0.039003 4.000000
324771.364541 1.029744 0.869989 0.039003 4.000000
324771.364541 1.029744 0.869989 0.039003 4.000000
324771.364541 1.029744 0.869989 0.039003 4.000000
324771.364541 1.029744 0.869989 0.039003 4.000000
324771.364541 1.029744 0.869989 0.039003 4.000000
324771.364541 1.029744 0.869989 0.039003 4.000000
324771.364541 1.029744 0.869989 0.039003 4.000000
324771.364541 1.029744 0.869989 0.039003 4.000000
324771.364541 1.029744 0.869989 0.039003 4.000000
324771.364541 1.029744 0.869989 0.039003 4.000000
324771.364541 1.029744 0.869989 0.039003 4.000000
324771.364541 1.029744 0.869989 0.039003 4.000000
324771.364541 1.029744 0.869989 0.039003 4.000000
324771.364541 1.029744 0.869989 0.039003 4.000000
324771.364541 1.029744 0.869989 0.039003 4.000000
324771.364541 1.029744 0.869989 0.039003 4.000000
324771.364541 1.029744 0.869989 0.039003 4.000000

333042.528015 1.030949 0.848903 0.053599 5.000000
333042.528015 1.030949 0.848903 0.053599 5.000000
333042.528015 1.030949 0.848903 0.053599 5.000000
333042.528015 1.030949 0.848903 0.053599 5.000000
333042.528015 1.030949 0.848903 0.053599 5.000000
333042.528015 1.030949 0.848903 0.053599 5.000000
333042.528015 1.030949 0.848903 0.053599 5.000000
333042.528015 1.030949 0.848903 0.053599 5.000000
333042.528015 1.030949 0.848903 0.053599 5.000000
333042.528015 1.030949 0.848903 0.053599 5.000000
333042.528015 1.030949 0.848903 0.053599 5.000000
333042.528015 1.030949 0.848903 0.053599 5.000000
333042.528015 1.030949 0.848903 0.053599 5.000000
333042.528015 1.030949 0.848903 0.053599 5.000000
333042.528015 1.030949 0.848903 0.053599 5.000000
333042.528015 1.030949 0.848903 0.053599 5.000000
333042.528015 1.030949 0.848903 0.053599 5.000000
333042.528015 1.030949 0.848903 0.053599 5.000000
333042.528015 1.030949 0.848903 0.053599 5.000000
333042.528015 1.030949 0.848903 0.053599 5.000000
333042.528015 1.030949 0.848903 0.053599 5.000000
333042.528015 1.030949 0.848903 0.053599 5.000000
333042.528015 1.030949 0.848903 0.053599 5.000000
333042.528015 1.030949 0.848903 0.053599 5.000000
333042.528015 1.030949 0.848903 0.053599 5.000000

444003.452094 1.031762 0.868679 0.053312 5.000000
444003.452094 1.031762 0.868679 0.053312 5.000000
444003.452094 1.031762 0.868679 0.053312 5.000000
444003.452094 1.031762 0.868679 0.053312 5.000000
444003.452094 1.031762 0.868679 0.053312 5.000000
444003.452094 1.031762 0.868679 0.053312 5.000000
444003.452094 1.031762 0.868679 0.053312 5.000000
444003.452094 1.031762 0.868679 0.053312 5.000000
444003.452094 1.031762 0.868679 0.053312 5.000000
444003.452094 1.031762 0.868679 0.053312 5.000000
444003.452094 1.031762 0.868679 0.053312 5.000000
444003.452094 1.031762 0.868679 0.053312 5.000000
444003.452094 1.031762 0.868679 0.053312 5.000000
444003.452094 1.031762 0.868679 0.053312 5.000000
444003.452094 1.031762 0.868679 0.053312 5.000000
444003.452094 1.031762 0.868679 0.053312 5.000000
444003.452094 1.031762 0.868679 0.053312 5.000000
444003.452094 1.031762 0.868679 0.053312 5.000000
444003.452094 1.031762 0.868679 0.053312 5.000000
444003.452094 1.031762 0.868679 0.053312 5.000000
444003.452094 1.031762 0.868679 0.053312 5.000000
444003.452094 1.031762 0.868679 0.053312 5.000000
444003.452094 1.031762 0.868679 0.053312 5.000000
444003.452094 1.031762 0.868679 0.053312 5.000000
444003.452094 1.031762 0.868679 0.053312 5.000000

590594.589686 1.035718 0.878427 0.047676 6.000000
590594.589686 1.035718 0.878427 0.047676 6.000000
590594.589686 1.035718 0.878427 0.047676 6.000000
590594.589686 1.035718 0.878427 0.047676 6.000000
590594.589686 1.035718 0.878427 0.047676 6.000000
590594.589686 1.035718 0.878427 0.047676 6.000000
