99495.748846 1.541518 0.911392 0.086799 0.712072
108322.161670 1.136074 0.943005 0.050086 0.673006
104202.850870 0.979478 0.972222 0.024074 0.672684
106694.096237 0.892402 0.947276 0.050967 0.685589
98934.965687 0.963697 0.943182 0.054924 0.700632
99836.176651 1.091804 0.958175 0.039924 0.697976
98963.696683 1.345610 0.954545 0.043561 0.701307
109967.756110 1.328409 0.950257 0.041166 0.673697
106523.029937 0.801784 0.936842 0.056140 0.678177
105028.450057 1.662875 0.934974 0.059754 0.679758

106096.214681 1.479800 0.888179 0.107029 0.697948
107493.130472 1.619822 0.877138 0.119751 0.695915
103147.859316 1.542976 0.932874 0.067126 0.710725
108146.830036 1.901541 0.886792 0.108491 0.689185
105126.871641 2.198648 0.902801 0.095552 0.698222
98450.002980 1.806541 0.890203 0.101351 0.719439
102240.820691 1.492068 0.890572 0.101010 0.742107
108210.482731 1.777328 0.920455 0.076299 0.685410
102085.405555 1.610956 0.881864 0.113145 0.730158
103474.593491 1.991405 0.918919 0.076014 0.709710

100049.744629 2.208889 0.853125 0.143750 0.715317
96598.551235 3.032528 0.830894 0.167480 0.753026
99300.857825 2.790834 0.865931 0.130915 0.713272
101594.813305 2.478417 0.864434 0.133971 0.717492
100290.689575 2.055807 0.828006 0.167428 0.720622
103492.496324 2.479546 0.846269 0.153731 0.688116
103617.536994 2.448245 0.845577 0.146927 0.696492
100743.736398 2.490053 0.794420 0.196769 0.731413
100261.228534 1.995216 0.832037 0.166407 0.729307
94616.566301 2.377389 0.833066 0.155698 0.740166

82412.500430 2.605425 0.776886 0.219904 0.775866
102881.665271 3.193858 0.846264 0.147989 0.671601
94073.310157 3.364829 0.796407 0.197605 0.746529
91237.784714 2.855603 0.771982 0.228018 0.760851
91814.280512 2.955232 0.775687 0.222865 0.729702
97054.566038 3.130832 0.830046 0.166920 0.721834
91554.905476 3.118406 0.790490 0.202080 0.739997
95337.025061 2.452736 0.828054 0.167421 0.716065
99334.607099 2.831007 0.800587 0.195015 0.722308
95731.520268 2.663928 0.798529 0.195588 0.708285

98102.985275 3.063662 0.782967 0.214286 0.699726
96711.044422 3.290256 0.833828 0.160237 0.713585
96992.559556 3.561444 0.754410 0.242877 0.715107
83353.951537 3.551363 0.705056 0.289326 0.772863
90061.668296 3.114619 0.742446 0.256115 0.770612
95990.220426 2.959889 0.723315 0.273876 0.767326
91177.049740 3.109015 0.739069 0.255289 0.754737
90618.693754 3.140987 0.753623 0.243478 0.762753
87388.111471 2.684318 0.738024 0.257485 0.791257
86163.270521 3.184988 0.742358 0.254731 0.765887

