109795.451917 1.305811 0.953448 0.041379 0.671057
99770.312647 0.945955 0.947467 0.052533 0.704113
99916.240838 0.753315 0.921533 0.072993 0.699027
107439.453116 0.897308 0.922945 0.061644 0.673636
114101.267548 1.419349 0.891135 0.101089 0.664585
107873.560951 1.021342 0.937500 0.048611 0.674987
117755.076488 1.774706 0.939297 0.051118 0.645471
107012.140304 1.411939 0.964476 0.035524 0.668733
101559.382193 1.450507 0.901582 0.094903 0.693047
103862.716364 1.099175 0.975881 0.020408 0.666444
94849.190015 1.273443 0.954092 0.041916 0.721063
111185.434965 2.005456 0.928214 0.068447 0.669651
109964.585243 1.910332 0.905229 0.083333 0.659762
101175.085823 1.476425 0.930530 0.063985 0.685582
90919.816200 1.613373 0.920635 0.063492 0.722635
104662.696052 2.523112 0.866889 0.126456 0.683972

98763.323649 1.987394 0.840909 0.155844 0.730898
112263.129060 1.683426 0.902778 0.095679 0.664944
102477.397146 2.457428 0.862776 0.134069 0.689232
101887.377742 1.781505 0.840945 0.154331 0.716985
108380.230977 1.616759 0.872274 0.124611 0.697509
104011.127999 2.253823 0.884740 0.112013 0.704203
107289.734580 1.545558 0.869362 0.129082 0.698670
107350.190073 2.420613 0.886435 0.110410 0.696576
113604.880178 1.528231 0.880000 0.109630 0.665255
107157.190671 2.300184 0.911433 0.083736 0.679745
102794.343277 2.054702 0.862682 0.130856 0.717790
106818.890057 2.189512 0.851290 0.135053 0.698227
108407.465346 1.755744 0.844544 0.147982 0.693539
108842.901749 2.149108 0.796562 0.197708 0.692048
108470.284239 2.617253 0.810000 0.187143 0.683950
108035.873601 2.376630 0.822840 0.158126 0.693336

108110.028634 2.116070 0.895706 0.101227 0.678939
102331.503854 2.356769 0.826546 0.167421 0.721714
105313.949594 2.407791 0.825959 0.165192 0.711585
96124.367246 2.772059 0.827532 0.162975 0.736622
98109.848554 2.673046 0.809955 0.185520 0.727803
102216.038996 2.585198 0.829047 0.167927 0.724508
93163.704981 2.656442 0.787267 0.211180 0.769599
107237.130598 2.284798 0.839941 0.154185 0.689986
98012.613690 3.437481 0.792094 0.203514 0.722096
99003.293819 2.742463 0.764451 0.229769 0.721278
108239.666020 2.264873 0.841410 0.158590 0.685016
98649.297807 2.749867 0.753561 0.242165 0.751552
97756.631860 3.055790 0.755014 0.239255 0.733716
102425.649421 2.790257 0.692810 0.304575 0.747779
103560.035832 2.796101 0.731283 0.262032 0.719458
105200.346281 2.384845 0.738158 0.239474 0.709535

98684.713492 3.417808 0.807246 0.185507 0.703898
96940.671970 2.782275 0.794245 0.207194 0.707353
101791.726706 2.880335 0.785615 0.204703 0.695402
95086.625549 2.650723 0.803625 0.191843 0.743876
93167.141590 2.971278 0.758824 0.238235 0.757741
98296.317976 3.146928 0.794076 0.201693 0.698052
92164.224321 3.474712 0.717391 0.279891 0.727812
94070.586250 3.351149 0.745480 0.248957 0.736792
98074.921980 2.734911 0.724832 0.271141 0.728969
93810.228491 3.081957 0.725543 0.266304 0.726061
91410.069415 3.262301 0.699338 0.295364 0.741855
95056.026893 2.832896 0.699732 0.296247 0.755757
98003.486587 3.427634 0.735215 0.260753 0.721687
90648.532631 2.548623 0.653439 0.334656 0.788701
101986.327516 2.830578 0.771468 0.221607 0.710571
101458.438585 3.317466 0.693982 0.303457 0.735168

101685.983976 2.565271 0.787234 0.211348 0.713411
93674.106992 3.087508 0.786999 0.211618 0.700385
93088.334956 3.653911 0.750693 0.246537 0.733641
93125.839385 3.102876 0.729111 0.265499 0.732959
95031.905726 3.086954 0.740586 0.256625 0.752487
93072.748999 3.349000 0.742198 0.256445 0.730924
92505.465705 3.682440 0.732167 0.262450 0.726190
92623.953987 3.572986 0.689833 0.303732 0.747898
89991.190399 2.899545 0.667085 0.329146 0.742634
88893.670188 3.111775 0.674142 0.324538 0.764821
89172.942043 2.972716 0.676190 0.318367 0.778190
96371.365958 3.173631 0.691530 0.304678 0.731195
98401.609843 3.248350 0.650240 0.343750 0.748466
96297.976512 2.992665 0.703557 0.291173 0.748780
95048.974454 2.672622 0.706667 0.289333 0.747826
95148.525683 3.293772 0.655952 0.338095 0.722912

