633069.073578 1.030653 0.873754 0.050572 
521135.256397 1.030446 0.845392 0.060293 
727259.307613 1.036384 0.879299 0.043478 
699847.147236 1.035618 0.882752 0.043036 
711464.636353 1.038911 0.879110 0.044836 
846971.228315 1.039534 0.889015 0.044168 
728194.537301 1.047721 0.860591 0.051127 
862026.903284 1.047813 0.880453 0.041966 
702626.230824 1.038504 0.872539 0.049716 
872542.271524 1.043380 0.883899 0.039704 
922533.700714 1.053260 0.884486 0.043771 
861749.566062 1.056139 0.878963 0.044941 
943869.653779 1.064604 0.889796 0.041837 
993816.074993 1.061452 0.895828 0.036350 
953865.342997 1.052770 0.886849 0.041740 
981110.157121 1.086033 0.896961 0.037312 
872931.943249 1.067188 0.865971 0.049492 
1000852.993651 1.091149 0.890467 0.039480 
963120.471079 1.072256 0.875031 0.049200 
948573.171861 1.110698 0.889792 0.039614 
950208.713994 1.191492 0.880552 0.042911 
985839.086318 1.120306 0.886005 0.039292 
1011822.578154 1.138855 0.884989 0.040076 
965061.180599 1.177714 0.882876 0.041018 
983243.934818 1.212710 0.888454 0.036448 

849901.741700 1.039473 0.896326 0.037311 
705147.943453 1.037177 0.889454 0.047135 
643680.638766 1.032056 0.877656 0.049451 
653171.143529 1.032107 0.877155 0.042026 
756433.950236 1.037188 0.893867 0.042580 
880614.750024 1.046086 0.879148 0.042892 
813816.636383 1.043507 0.877658 0.044859 
801448.683607 1.044588 0.878994 0.044675 
817186.503981 1.056403 0.892059 0.043529 
752389.615826 1.040551 0.876015 0.044972 
851382.878595 1.087208 0.881958 0.058741 
819336.440246 1.054546 0.867312 0.049829 
863499.682265 1.055659 0.884924 0.043154 
892315.009229 1.060427 0.873578 0.046549 
862976.108351 1.052618 0.873463 0.045641 
988551.695149 1.113496 0.894440 0.036738 
880390.660892 1.073494 0.862781 0.052715 
906481.116335 1.085947 0.879130 0.044310 
955446.980891 1.069813 0.883517 0.042084 
932520.975194 1.097115 0.878217 0.044586 
982210.857051 1.192356 0.889379 0.038999 
966069.497177 1.188184 0.883692 0.040831 
923490.806932 1.115847 0.874010 0.046256 
914563.606381 1.133430 0.870719 0.047644 
932556.407373 1.184367 0.879359 0.042504 

690023.084955 1.035962 0.883705 0.048027 
801922.249427 1.037249 0.901306 0.044033 
710941.291784 1.043462 0.886280 0.046629 
601184.673469 1.030096 0.855513 0.053992 
605656.865999 1.032192 0.869832 0.049387 
805808.275175 1.044231 0.883412 0.043388 
818833.817645 1.077089 0.889247 0.046001 
759164.859282 1.039604 0.863177 0.049893 
793413.872553 1.045303 0.878382 0.044900 
740923.636765 1.037161 0.877785 0.049650 
918606.686401 1.065659 0.892482 0.042850 
887822.284390 1.055991 0.880429 0.042895 
887750.662692 1.056149 0.879989 0.044736 
825488.037961 1.059144 0.866157 0.049236 
876852.815939 1.115856 0.893113 0.050964 
983421.101385 1.085369 0.888290 0.038707 
919347.312139 1.078823 0.878984 0.045089 
849093.379544 1.071932 0.863014 0.050959 
905155.134822 1.116930 0.877851 0.043512 
973020.037360 1.111432 0.891865 0.037202 
879003.461949 1.121341 0.868695 0.048305 
949411.853287 1.136626 0.875031 0.046146 
970412.578586 1.122610 0.888449 0.039327 
972818.227973 1.138784 0.879113 0.044358 
857083.897776 1.179659 0.854487 0.060092 

674661.449094 1.051027 0.888104 0.049771 
684664.174716 1.039577 0.876759 0.044284 
661918.217404 1.034719 0.874911 0.046067 
528062.970800 1.036362 0.848743 0.061355 
729263.765993 1.035758 0.887508 0.044801 
682355.656399 1.040869 0.864874 0.055480 
779430.761112 1.042999 0.884169 0.047066 
837794.047896 1.045590 0.882203 0.039455 
872662.444064 1.061659 0.894518 0.043466 
792486.409648 1.046535 0.886377 0.045509 
1000679.968721 1.101531 0.885159 0.039559 
957700.752571 1.052213 0.883175 0.042187 
977062.702850 1.068056 0.886672 0.042375 
918031.991511 1.048552 0.884746 0.039635 
900218.800497 1.052151 0.875887 0.044176 
954909.937203 1.071892 0.871294 0.050148 
933597.572726 1.121021 0.871212 0.048232 
960704.512376 1.105413 0.879533 0.046945 
946049.425780 1.068991 0.873563 0.047476 
857640.259656 1.065857 0.867595 0.050505 
880382.752160 1.188861 0.871891 0.051886 
921523.260814 1.161953 0.875993 0.044069 
926077.981578 1.181171 0.874521 0.050601 
992710.047189 1.214942 0.885721 0.041073 
962018.895612 1.140437 0.873101 0.046791 

694205.746747 1.039000 0.879498 0.043109 
729534.138462 1.036282 0.884252 0.043039 
633136.886579 1.040799 0.873987 0.053427 
755318.749403 1.035770 0.894770 0.039860 
649216.409375 1.041337 0.861544 0.054178 
739122.076081 1.036971 0.869896 0.048116 
863997.765891 1.060514 0.883085 0.042012 
786306.196333 1.049486 0.881448 0.047059 
713215.380739 1.044283 0.873729 0.049524 
790421.923176 1.044137 0.871484 0.047379 
920629.582435 1.060248 0.884506 0.042564 
807217.901753 1.045257 0.876572 0.049722 
957901.543775 1.061917 0.888052 0.039157 
809718.121138 1.049314 0.860912 0.057069 
925539.350024 1.049459 0.887017 0.039907 
916643.157412 1.108293 0.876131 0.052754 
916787.774350 1.085082 0.882766 0.042631 
890322.435316 1.074862 0.885277 0.043256 
982608.333612 1.161336 0.884493 0.036874 
927269.166702 1.104478 0.889437 0.053465 
960001.375681 1.169120 0.885614 0.041459 
961106.410312 1.120008 0.874969 0.046763 
868431.055847 1.138625 0.870767 0.047684 
945314.956030 1.138988 0.880725 0.043030 
965873.424052 1.132609 0.886989 0.039653 

