661601.980215 1.033605 0.876333 0.047264 
636655.988415 1.036654 0.874770 0.047145 
786981.943481 1.034022 0.903923 0.033673 
727911.550236 1.034910 0.889218 0.042735 
741056.336151 1.035246 0.891543 0.039703 
675935.863098 1.034199 0.880446 0.043569 
626259.806933 1.032332 0.869291 0.051987 
656236.262542 1.033155 0.887636 0.044000 
733216.459524 1.033871 0.889432 0.042727 
677538.185933 1.034343 0.867996 0.046408 
625894.306822 1.040093 0.863301 0.050847 
591045.564780 1.034580 0.864380 0.055339 
853063.906934 1.038620 0.896650 0.038614 
557294.062638 1.033645 0.864596 0.053830 
762178.290413 1.034545 0.891790 0.041522 
606566.472455 1.028588 0.881758 0.050175 
652839.643484 1.034848 0.878330 0.046796 
638115.650775 1.031037 0.873993 0.048718 
662961.395137 1.034177 0.877798 0.046536 
530577.712634 1.028545 0.848729 0.056780 
653160.935276 1.032974 0.880592 0.047619 
704659.572809 1.033564 0.895777 0.040872 
579007.325662 1.031670 0.876663 0.048771 
623889.207740 1.032184 0.876738 0.045472 
679830.679655 1.037405 0.882742 0.047321 

675577.845296 1.033984 0.883135 0.042687 
648050.205416 1.033671 0.874098 0.045094 
631092.298408 1.030454 0.863220 0.050238 
693171.752139 1.030225 0.874322 0.044715 
643550.001634 1.032670 0.873772 0.043652 
685334.082023 1.034938 0.883817 0.045297 
714802.605427 1.035333 0.887145 0.041402 
527994.869042 1.028988 0.847009 0.062393 
673731.869543 1.034802 0.881754 0.043509 
590047.914130 1.030053 0.869736 0.052342 
600355.880411 1.032304 0.871268 0.051958 
512764.102327 1.028360 0.843941 0.054490 
666860.178927 1.035774 0.887379 0.048981 
652485.098109 1.037052 0.881693 0.047033 
630353.803262 1.029910 0.878404 0.046624 
592638.849235 1.031913 0.873821 0.048349 
611901.802765 1.035896 0.871423 0.055322 
708802.787542 1.032271 0.879707 0.039320 
539079.821508 1.028972 0.862728 0.057799 
749790.095528 1.038736 0.889457 0.043450 
563540.918101 1.032179 0.851748 0.054239 
626142.940625 1.033583 0.875981 0.045573 
605923.317895 1.033348 0.866286 0.050667 
654940.495393 1.035226 0.875224 0.046970 
688266.863878 1.039977 0.895012 0.044646 

646955.855214 1.033390 0.866212 0.046987 
690532.458414 1.037172 0.883809 0.049502 
680606.510629 1.032119 0.878285 0.042185 
636118.138511 1.036601 0.871476 0.049432 
694362.506899 1.033343 0.878181 0.045470 
684498.218769 1.038071 0.881356 0.052923 
742027.365898 1.031906 0.887496 0.040501 
682142.641066 1.034735 0.883171 0.042768 
612016.593439 1.040779 0.877965 0.049350 
796255.595530 1.039778 0.890597 0.040084 
786150.834053 1.041424 0.908468 0.039539 
655430.100504 1.033056 0.885632 0.046688 
592724.524036 1.039528 0.876033 0.054703 
568759.298942 1.033236 0.867695 0.051542 
766237.359711 1.036506 0.889584 0.038786 
662218.493138 1.034694 0.875974 0.048901 
608928.948281 1.032067 0.876876 0.049634 
567370.038202 1.035162 0.876853 0.056425 
633114.365689 1.031874 0.874537 0.049963 
655638.359423 1.035659 0.889778 0.046926 
616718.523839 1.029301 0.877706 0.048994 
639447.650142 1.032185 0.877708 0.045538 
675938.063868 1.038777 0.881427 0.046870 
623948.905866 1.030214 0.874299 0.044893 
592883.826537 1.030414 0.876626 0.046512 

598534.340733 1.033460 0.876369 0.051643 
612095.800271 1.030960 0.880769 0.046538 
510508.607182 1.034585 0.867388 0.059991 
700001.166120 1.036418 0.886356 0.043552 
716126.691390 1.038898 0.881926 0.044195 
669970.087670 1.039349 0.892412 0.041682 
712115.085043 1.035151 0.893459 0.044842 
483453.721586 1.031229 0.841233 0.060285 
630424.115168 1.030362 0.871302 0.047337 
622105.213751 1.033964 0.883403 0.045955 
575398.311092 1.031073 0.848390 0.054203 
711538.548414 1.034039 0.883845 0.043725 
662711.445220 1.035028 0.888649 0.045977 
629428.463816 1.034308 0.879297 0.046338 
542933.440231 1.032801 0.862944 0.054146 
534392.442450 1.029260 0.861301 0.056507 
595034.495795 1.029320 0.860789 0.050271 
729249.501293 1.039602 0.888962 0.039306 
738823.867239 1.038476 0.877792 0.042438 
675813.441622 1.031820 0.888420 0.041887 
684921.627817 1.034896 0.891023 0.044010 
696563.145975 1.033661 0.878041 0.041892 
661704.434447 1.035236 0.870547 0.045503 
662029.378734 1.034784 0.892458 0.043667 
593327.948027 1.029274 0.878107 0.047732 

704056.968812 1.041093 0.890513 0.046583 
633863.876922 1.037054 0.886602 0.048653 
720751.032942 1.038771 0.888742 0.047020 
672694.140165 1.033775 0.885049 0.046192 
625734.790389 1.032600 0.880845 0.048643 
543778.994451 1.033927 0.873239 0.055058 
692454.652971 1.033054 0.884971 0.045190 
737964.969714 1.037294 0.883414 0.043800 
626471.550125 1.031528 0.869630 0.050000 
686915.786154 1.035268 0.889777 0.045202 
647248.216031 1.033320 0.871223 0.048561 
574652.866937 1.029441 0.861588 0.048664 
586230.046469 1.035804 0.863191 0.053704 
689928.932796 1.036973 0.883425 0.047455 
741500.727198 1.036447 0.895232 0.041194 
723274.967554 1.048994 0.890687 0.047226 
705630.659068 1.046246 0.894862 0.036747 
705678.882133 1.032838 0.876333 0.046667 
647863.385677 1.033705 0.867168 0.047261 
819908.241369 1.036837 0.899704 0.035799 
675774.942976 1.040902 0.890067 0.045246 
581891.561056 1.036279 0.879678 0.051107 
668294.377632 1.030343 0.883103 0.041091 
599469.094557 1.033755 0.872763 0.049027 
700149.755935 1.034037 0.889267 0.042249 

