169070.652698 2.029749 0.961627 0.017182 
162965.227532 1.989576 0.956805 0.033136 
200672.015793 1.366578 0.957529 0.023649 
152557.162005 2.159443 0.935185 0.058642 
152641.428730 1.957341 0.954059 0.027690 
164722.162328 2.303948 0.931054 0.053561 
150630.413812 2.291103 0.920049 0.035055 
132970.175349 2.726153 0.951799 0.039568 
161925.554510 2.276252 0.935935 0.041351 
166420.125915 2.257265 0.947731 0.035037 
173568.997869 2.752535 0.951881 0.043695 
160234.768098 2.291874 0.926077 0.064610 
176428.758400 2.205832 0.924459 0.069731 
184879.031159 2.202849 0.952233 0.039460 
176644.859555 2.239927 0.932267 0.056000 
151851.994660 3.370863 0.930376 0.033888 
162096.255823 2.340061 0.924225 0.070034 
153661.687557 2.659762 0.889667 0.056626 
188864.495435 2.364164 0.899277 0.088193 
157659.673296 2.625544 0.931629 0.057075 
141842.413859 2.886015 0.885678 0.098618 
240380.327850 2.005227 0.931453 0.056404 
170614.054699 2.582182 0.897613 0.075332 
154386.589350 2.644871 0.871096 0.105622 
192163.713539 2.035211 0.904649 0.069734 

178402.964322 2.309249 0.904401 0.061710 
142669.199549 2.526075 0.907945 0.064313 
227758.953132 2.067484 0.925337 0.066503 
159438.553455 2.327538 0.929357 0.056167 
188686.366165 2.387899 0.933794 0.031621 
148688.118228 3.450242 0.877575 0.092996 
181983.421999 2.813974 0.920747 0.057042 
158328.638071 2.837342 0.876170 0.084755 
164941.041681 2.385938 0.888949 0.094879 
172871.692028 2.649499 0.858771 0.106541 
218591.476326 2.465364 0.888482 0.087505 
165840.452266 3.011908 0.865974 0.094545 
165732.492367 2.720352 0.863825 0.105509 
192316.788998 2.443943 0.874659 0.109900 
189993.343525 2.450997 0.876441 0.117105 
174713.787303 3.207273 0.844744 0.111379 
152156.912010 3.297639 0.836968 0.149400 
167696.876812 3.125709 0.812863 0.161509 
188354.062615 2.524436 0.815698 0.157415 
171992.709279 3.055207 0.818916 0.137833 
154233.268728 2.884167 0.774451 0.202595 
167366.994761 3.107588 0.787793 0.178404 
163855.332576 2.731375 0.793436 0.177606 
151307.315595 2.587474 0.746320 0.211482 
165166.520534 3.430100 0.800290 0.169729 

