135623.465578 1.720583 0.947368 0.036491 
218068.113989 1.161195 0.966428 0.028648 
165917.661000 1.785384 0.956952 0.027341 
221441.725030 1.289883 0.960526 0.027632 
165919.460170 1.936131 0.967117 0.019378 
122720.766602 2.209138 0.935484 0.046083 
153650.552254 1.746899 0.931540 0.059902 
133770.376167 2.042875 0.934081 0.033661 
152580.483896 1.819467 0.950439 0.025094 
243839.356587 1.235332 0.961707 0.031512 
180913.140308 1.572059 0.945704 0.036900 
222937.361367 1.445671 0.971416 0.014952 
133563.183222 2.489243 0.941885 0.014174 
255865.907510 1.091662 0.971549 0.013456 
177457.661176 1.994590 0.951735 0.041215 
142170.421965 1.886195 0.947686 0.023474 
142847.046420 1.930894 0.959432 0.027045 
136746.958486 2.185669 0.934663 0.030261 
126165.025302 2.041644 0.923473 0.031641 
160012.516493 1.948299 0.952638 0.014388 
127450.416359 2.154575 0.940089 0.034763 
139011.844950 2.284787 0.949211 0.039121 
138903.219782 2.239622 0.953729 0.028315 
143557.519175 1.889588 0.941799 0.041667 
138803.200893 2.136893 0.951034 0.032414 

178314.196382 2.240055 0.938583 0.046719 
149041.312107 2.817533 0.902836 0.079059 
201658.380944 1.772602 0.923077 0.055403 
154949.071118 2.595666 0.913580 0.068783 
172587.032425 2.493250 0.925254 0.063534 
163910.162120 2.631085 0.918994 0.062570 
180291.908576 2.637958 0.914460 0.066191 
184094.453514 2.248029 0.883317 0.106075 
226545.353341 1.646684 0.939141 0.039600 
159010.083149 2.698786 0.929610 0.047120 
179382.551358 2.293584 0.930606 0.052305 
187570.246708 2.396282 0.931582 0.036192 
249492.003842 1.776119 0.924879 0.052808 
192692.282514 2.065339 0.934561 0.046049 
169439.578662 2.523304 0.929940 0.057471 
177015.124342 2.419643 0.921162 0.064315 
157408.060189 2.723119 0.929032 0.045748 
172494.475732 2.370868 0.918129 0.053163 
166956.285115 2.479505 0.922357 0.056167 
149255.573838 2.672269 0.912462 0.068693 
156750.001635 2.718356 0.930687 0.059242 
172628.147591 2.624503 0.935676 0.032973 
156103.957419 2.865535 0.933333 0.050595 
172127.081406 2.764540 0.914422 0.045431 
173116.039213 1.991798 0.901818 0.080000 

161678.984298 3.096396 0.892665 0.082524 
191747.670583 2.633863 0.892428 0.081256 
206288.783618 2.574218 0.898959 0.088465 
169702.680722 2.498351 0.886528 0.108290 
185908.286026 2.561156 0.887943 0.077541 
244953.657270 1.980955 0.920944 0.063694 
187000.321650 2.467400 0.894413 0.078125 
195904.400546 2.365387 0.894239 0.079208 
164578.167503 2.848572 0.898069 0.071352 
