32.04740 1.30784 -0.33841 2.06944 
38.07955 2.48694 -0.62418 2.09637 
38.64269 2.36600 -0.80497 4.27974 
38.31309 2.42013 -0.83833 3.31441 
38.23167 2.51454 -0.79133 3.25020 
31.63533 1.51215 -0.83168 5.70493 
41.58101 2.24702 -0.60190 1.59713 
40.49743 2.83267 -1.31165 8.43518 
39.62001 2.97165 -1.09339 6.10059 
39.23739 2.84232 -1.23406 7.65837 
36.91676 1.59788 -0.77837 4.14302 
44.11497 2.94843 -1.49166 10.09446 
52.96849 3.13890 -0.55811 2.58317 
51.23088 3.11072 -0.91604 4.85354 
50.78022 4.47805 -0.96570 5.34449 
42.83938 3.15451 -0.30882 1.89336 
39.28407 6.07895 -1.23273 9.19335 
50.12229 4.17688 -0.74090 4.26109 
54.42077 5.38475 -0.38652 0.36251 
54.02370 5.40299 -0.52597 1.62199 
43.10616 8.85427 -1.50286 14.74500 
43.10616 8.85427 -1.50286 14.74500 
38.66906 9.63683 -1.35100 13.30530 
43.12641 10.28451 -1.26953 12.15768 
43.06216 10.15548 -1.17342 11.42230 

36.70148 1.72650 -0.23615 0.44005 
43.10076 2.14201 -0.41173 2.04825 
40.89619 2.65772 -0.51971 2.52430 
47.72325 2.76836 0.42422 -5.36664 
45.89563 2.57501 -0.01751 -2.01424 
38.55961 1.42681 -0.09928 -0.25603 
44.72161 2.09387 -0.48691 3.27239 
48.73984 2.47081 -0.75619 5.03460 
49.94488 2.58897 -0.50476 3.35840 
50.24461 2.55792 -0.44843 2.50830 
39.39682 3.15712 -0.17892 5.73869 
55.49213 3.02284 -0.19309 0.68008 
55.45293 3.29041 0.21518 -1.93223 
57.12973 3.18661 -0.27151 1.06013 
58.57050 3.32039 0.11880 -2.30428 
49.43886 2.77275 -0.31680 2.95035 
60.00358 3.07704 -0.09426 1.91423 
59.47319 3.56696 0.01573 -1.19614 
60.96362 5.01428 -0.02409 -0.24603 
63.45779 5.45850 -0.22834 0.93211 
67.07913 6.38142 0.02287 -0.70008 
67.07913 6.38142 0.02287 -0.70008 
66.23833 6.45007 0.01707 -1.41417 
58.75850 6.93892 -0.46694 4.35452 
63.94729 5.52422 -0.03023 -0.44205 

34.47153 2.81588 -0.35141 4.82498 
49.21246 1.73043 -0.41364 1.29088 
49.58098 2.26066 -0.53676 2.12046 
50.16955 2.29484 -0.33000 0.33460 
50.00945 2.27654 -0.40951 0.75830 
42.52666 0.80252 -0.63858 3.83702 
50.01918 1.70370 -0.46583 1.02162 
52.26092 2.33386 -0.76360 4.66263 
51.46749 2.21021 -0.76505 3.78554 
50.14562 2.42634 -0.21145 2.39962 
47.35008 0.97652 -0.40884 2.57583 
56.18641 3.12244 -0.41944 2.85697 
59.06328 1.87519 -0.09334 0.50091 
62.11036 2.65224 -0.16840 -0.56427 
60.44281 2.51639 -0.38241 1.07508 
59.44097 1.73488 0.02565 -1.64924 
61.10437 2.39961 -0.18089 0.26728 
60.38562 2.84125 -0.62754 3.18563 
62.24174 2.94892 -0.56999 2.28281 
63.71302 3.34543 -0.33022 0.37024 
65.46433 4.37714 -0.20777 0.01980 
65.46433 4.37714 -0.20777 0.01980 
66.86787 4.87910 -0.27602 0.04950 
69.87403 4.96673 0.03914 -2.53623 
64.14810 4.64323 -0.43427 2.40952 

29.88431 1.56278 0.03069 -1.40500 
33.74525 2.44728 -0.10003 -1.16569 
36.38112 2.55122 0.14618 -2.74824 
37.89142 3.08018 -0.31947 1.45904 
38.15927 3.17036 -0.15111 0.00965 
40.59606 1.75797 0.82634 -5.45981 
38.96572 2.35417 -0.20476 1.13095 
38.37034 2.24555 -0.44336 1.95503 
42.22391 2.55639 0.49903 -4.51607 
42.43211 2.43147 -0.28329 1.98977 
33.44211 1.38096 0.03136 -1.37026 
50.66318 2.51872 0.63345 -6.57146 
46.67346 2.77959 -0.05164 0.24896 
48.42804 3.05705 -0.34546 1.50536 
50.45732 3.67190 0.06329 -1.71186 
46.27065 2.37203 0.70379 -5.69140 
48.90880 3.64252 0.01288 -1.28534 
51.19588 5.72606 0.49657 -3.32336 
53.69530 6.10083 0.37256 -2.57068 
56.05384 5.75983 0.62572 -6.06002 
56.81702 5.12664 0.30199 -3.97761 
57.11364 6.19218 0.55929 -6.30319 
59.37111 5.66458 0.59615 -6.55216 
59.29749 5.67854 0.56590 -6.25688 
58.99320 5.57235 0.58640 -5.71456 

39.91291 1.64877 0.38336 -5.78063 
46.47135 2.95818 0.44671 -4.72311 
48.38242 2.60251 0.48831 -6.14380 
48.46868 2.51523 0.22918 -5.02042 
46.43324 2.57869 0.14195 -4.19058 
48.87112 1.40889 0.72052 -8.20616 
56.13305 2.55038 0.19454 -4.45402 
59.83148 3.00807 0.30509 -5.31773 
59.88132 2.59236 0.60974 -8.14218 
59.12835 2.73226 0.34467 -5.81826 
50.87367 1.74288 0.65089 -6.12875 
63.09605 3.06245 0.20026 -3.19703 
70.13586 3.76157 0.73790 -9.24863 
65.44663 4.24787 0.34389 -5.42310 
68.83093 4.29473 0.39917 -6.21907 
59.73977 2.68482 0.40309 -5.85213 
63.71633 3.20274 -0.05651 -1.48279 
66.54120 3.48108 0.26574 -4.94515 
65.13058 4.50004 0.33795 -5.13144 
66.48215 4.04538 0.29545 -4.95079 
72.05909 5.64856 0.44884 -6.17579 
73.51847 5.78895 0.72119 -8.67471 
75.19087 6.42755 0.62846 -7.21450 
75.43747 7.07639 0.46409 -5.62257 
74.35738 5.95404 0.54314 -6.78170 

