50.49156 1.78003 -0.10172 -0.92329 
76.26390 3.46696 -0.15453 -1.12977 
76.65922 4.51946 0.01803 -0.33503 
83.49050 4.76456 0.09118 -3.22179 
83.49050 4.76456 0.09118 -3.22179 
56.46854 1.47195 -0.22853 4.22299 
101.90924 4.75178 0.60981 -13.02349 
98.59418 6.48799 0.07579 -3.52955 
104.88747 7.03661 0.14294 -4.35934 
107.12951 7.61124 0.32003 -5.91375 
91.96149 2.27570 0.75380 -16.51408 
83.61872 3.74629 -0.25836 4.77229 
114.17488 5.83760 0.22484 -13.04687 
111.36395 6.21962 0.17530 -3.24126 
104.42240 6.66600 0.04037 -0.74409 
53.05847 1.82157 -0.66979 12.37680 
98.06375 5.02380 0.39203 -7.95902 
118.37647 6.55098 0.40204 -7.42919 
125.14140 7.52224 0.74104 -13.69356 
117.03831 8.32234 -0.49111 -2.54003 
106.86807 4.92111 0.93036 -16.15957 
109.45747 5.57789 0.65260 -14.09093 
125.68463 7.00147 0.63795 -12.73131 
105.68599 7.46108 0.02161 -0.74019 
117.26368 9.29771 0.04459 -6.01114 

28.34347 1.21153 -0.77101 5.51850 
36.19201 2.11661 -1.40542 14.69578 
36.19201 2.11661 -1.40542 14.69578 
36.19201 2.11661 -1.40542 14.69578 
36.19201 2.11661 -1.40542 14.69578 
20.45314 1.18818 -0.95749 18.22317 
23.21305 1.82326 -1.27891 31.03396 
23.21305 1.82326 -1.27891 31.03396 
23.21305 1.82326 -1.27891 31.03396 
23.21305 1.82326 -1.27891 31.03396 
31.05652 1.29160 -0.60525 9.13685 
43.41457 2.25149 -0.68501 16.62118 
43.41457 2.25149 -0.68501 16.62118 
43.41457 2.25149 -0.68501 16.62118 
43.41457 2.25149 -0.68501 16.62118 
35.06462 1.54039 -1.45207 35.23853 
57.43024 2.99523 -0.87971 21.34627 
61.91222 2.95329 -1.32722 6.95371 
61.91222 2.95329 -1.32722 6.95371 
61.91222 2.95329 -1.32722 6.95371 
49.04062 2.75502 -1.14887 29.49768 
38.60745 3.13869 -2.25411 32.35294 
52.89735 4.72269 -1.99662 39.07419 
54.16498 5.04273 -2.06794 40.89347 
54.16498 5.04273 -2.06794 40.89347 

96.36033 0.80713 2.45899 -42.20603 
96.36033 0.80713 2.45899 -42.20603 
96.36033 0.80713 2.45899 -42.20603 
96.36033 0.80713 2.45899 -42.20603 
96.36033 0.80713 2.45899 -42.20603 
87.17941 1.25072 2.39689 -27.40135 
87.17941 1.25072 2.39689 -27.40135 
87.17941 1.25072 2.39689 -27.40135 
87.17941 1.25072 2.39689 -27.40135 
87.17941 1.25072 2.39689 -27.40135 
98.64556 1.22344 3.33429 -38.11821 
104.81318 1.24007 2.58709 -29.57704 
104.81318 1.24007 2.58709 -29.57704 
104.81318 1.24007 2.58709 -29.57704 
104.81318 1.24007 2.58709 -29.57704 
106.88895 1.41215 1.17751 -18.08439 
148.53366 1.90385 2.68388 -32.91891 
148.53366 1.90385 2.68388 -32.91891 
148.53366 1.90385 2.68388 -32.91891 
148.53366 1.90385 2.68388 -32.91891 
134.20203 2.32468 3.11147 -35.56954 
126.39834 3.17168 0.99830 -32.50367 
135.68590 2.90937 2.86603 -37.48415 
135.68590 2.90937 2.86603 -37.48415 
135.68590 2.90937 2.86603 -37.48415 

25.09892 0.28119 -0.14740 11.45005 
25.32423 0.28935 -0.13692 11.25618 
25.32423 0.28935 -0.13692 11.25618 
25.32423 0.28935 -0.13692 11.25618 
25.32423 0.28935 -0.13692 11.25618 
8.75727 0.23893 -1.56351 -1.48368 
48.24295 0.48615 -0.01217 8.92186 
48.24295 0.48615 -0.01217 8.92186 
48.24295 0.48615 -0.01217 8.92186 
48.24295 0.48615 -0.01217 8.92186 
18.03772 0.30884 -0.28316 6.63501 
59.84700 0.76856 0.82408 -6.71414 
59.84700 0.76856 0.82408 -6.71414 
59.84700 0.76856 0.82408 -6.71414 
59.84700 0.76856 0.82408 -6.71414 
72.07190 0.91555 -0.76588 -12.13452 
73.05479 0.96621 -0.35522 -9.73689 
67.36227 1.16045 0.50230 -0.69634 
67.36227 1.16045 0.50230 -0.69634 
67.36227 1.16045 0.50230 -0.69634 
70.85818 1.21866 0.07206 7.34718 
73.11064 1.24131 0.01778 8.36400 
74.25396 1.51885 -0.33183 14.89614 
85.84290 1.41825 0.87170 -7.60435 
113.06232 1.41095 1.27590 -15.15727 

41.88080 0.33016 -0.84533 2.47646 
52.11591 0.58262 0.88819 1.70474 
48.69310 0.49212 0.15218 16.86432 
48.69310 0.49212 0.15218 16.86432 
48.69310 0.49212 0.15218 16.86432 
102.74762 0.33525 1.91184 -19.38437 
102.74762 0.33525 1.91184 -19.38437 
102.74762 0.33525 1.91184 -19.38437 
102.74762 0.33525 1.91184 -19.38437 
102.74762 0.33525 1.91184 -19.38437 
82.06095 0.52857 0.62363 3.45745 
82.06095 0.52857 0.62363 3.45745 
82.06095 0.52857 0.62363 3.45745 
82.06095 0.52857 0.62363 3.45745 
82.06095 0.52857 0.62363 3.45745 
72.08077 0.73558 -0.02243 20.46128 
72.08077 0.73558 -0.02243 20.46128 
72.08077 0.73558 -0.02243 20.46128 
72.08077 0.73558 -0.02243 20.46128 
72.08077 0.73558 -0.02243 20.46128 
99.25102 0.90917 -0.18011 13.68155 
97.29262 1.57389 -1.30535 46.89135 
97.29262 1.57389 -1.30535 46.89135 
97.29262 1.57389 -1.30535 46.89135 
97.29262 1.57389 -1.30535 46.89135 

