37.52808 0.40237 0.63554 -7.39363 
42.30326 0.48209 -0.12609 -3.94617 
42.30326 0.48209 -0.12609 -3.94617 
42.30326 0.48209 -0.12609 -3.94617 
42.30326 0.48209 -0.12609 -3.94617 
56.83425 0.34269 0.42235 -14.18959 
50.97135 0.48170 -0.14713 0.42351 
50.97135 0.48170 -0.14713 0.42351 
50.97135 0.48170 -0.14713 0.42351 
50.97135 0.48170 -0.14713 0.42351 
60.21615 0.79781 0.11679 -0.78765 
66.25635 0.78433 -0.25958 -4.40530 
66.25635 0.78433 -0.25958 -4.40530 
66.25635 0.78433 -0.25958 -4.40530 
66.25635 0.78433 -0.25958 -4.40530 
70.02535 1.10582 -0.11795 1.04492 
65.48428 1.25948 -0.75497 10.39778 
65.48428 1.25948 -0.75497 10.39778 
65.48428 1.25948 -0.75497 10.39778 
76.49175 1.60051 -0.31941 0.07916 
88.56768 1.86104 0.04418 -5.66792 
79.70105 2.31147 -0.44349 5.50960 
89.10151 2.71580 -0.47647 -5.51751 
89.10151 2.71580 -0.47647 -5.51751 
89.10151 2.71580 -0.47647 -5.51751 

35.12486 0.87963 0.53464 0.91603 
36.54396 0.98808 0.48498 -4.16231 
36.54396 0.98808 0.48498 -4.16231 
36.54396 0.98808 0.48498 -4.16231 
36.54396 0.98808 0.48498 -4.16231 
39.77264 1.39957 0.57241 -3.84492 
41.00503 1.53601 0.64328 -2.58337 
41.00503 1.53601 0.64328 -2.58337 
41.00503 1.53601 0.64328 -2.58337 
41.00503 1.53601 0.64328 -2.58337 
46.40640 3.21042 0.41824 -1.69948 
56.94393 1.82343 0.26026 -0.79952 
56.94393 1.82343 0.26026 -0.79952 
56.94393 1.82343 0.26026 -0.79952 
56.94393 1.82343 0.26026 -0.79952 
59.20790 3.12225 0.30726 -3.59582 
57.37457 2.52829 -0.03141 1.35396 
66.98730 2.74461 0.32286 -2.24990 
66.17294 3.17794 0.20626 -2.40257 
66.06021 3.23412 0.25825 -1.42628 
72.91096 4.57322 0.39384 -2.21374 
65.30543 4.99981 0.10366 4.21856 
65.56894 4.09044 0.02706 3.80072 
72.50155 4.20348 0.51342 -3.02129 
72.23125 5.07462 0.56349 -1.32985 

22.48163 1.68386 -0.02258 1.53834 
27.54347 2.49727 0.07867 -1.63087 
26.67783 3.42162 0.08758 -2.31330 
26.67783 3.42162 0.08758 -2.31330 
26.67783 3.42162 0.08758 -2.31330 
25.64003 1.57001 0.04549 -2.00871 
34.24787 2.41920 0.38912 -6.53121 
33.11706 3.09313 0.11504 -1.95859 
32.80815 3.09791 -0.06658 -0.60917 
32.19360 3.38906 -0.06309 0.28916 
27.30501 1.86311 -0.02163 1.46509 
33.84088 2.37650 0.36176 -6.27289 
38.31792 3.69971 0.07941 -2.20149 
37.65129 6.46961 0.34968 -7.47195 
38.89517 6.21920 0.37608 -7.58376 
38.52335 5.14661 0.07061 -0.29302 
39.07844 3.40953 -0.05386 0.70556 
40.04745 4.85233 0.10316 -1.75425 
38.52917 4.41945 -0.01537 -0.10410 
40.23168 6.40099 0.30631 -6.48109 
39.91363 6.38101 0.11122 -1.49979 
41.94145 9.22734 -0.02311 -0.60531 
40.12401 6.64838 -0.03658 0.53206 
40.12401 6.64838 -0.03658 0.53206 
41.20284 9.31955 0.09150 -1.73883 

3.42186 2.27524 -0.01824 3.02879 
7.02740 1.77907 0.47856 -8.15592 
6.33406 3.52312 0.11972 -1.15255 
5.84703 7.25177 -0.12916 3.73717 
6.54292 7.70326 0.28154 -5.72063 
6.84499 1.79029 0.39436 -5.88911 
7.72932 3.69731 0.06468 -0.45566 
8.84482 4.01436 0.16797 -3.25088 
8.46867 5.03379 0.02174 3.00582 
9.62034 2.82490 0.33996 -5.64022 
5.19297 6.80705 -0.20095 6.24138 
8.54422 5.55820 0.08579 0.03063 
9.07581 5.84566 0.20073 -1.94900 
10.12259 4.37126 0.32618 -5.01991 
10.19545 5.82080 0.03796 0.47863 
9.66461 9.74347 0.12990 0.64328 
6.34761 6.37423 -0.51037 17.99280 
10.59756 7.95850 0.29458 -0.83474 
10.48294 9.11140 0.10169 0.53607 
2.86124 14.84883 -0.69530 21.74529 
9.99961 14.59117 -0.02471 4.79017 
9.26842 11.32687 -0.38270 9.37356 
10.96874 12.62930 0.10339 -2.03324 
11.11769 14.57221 0.02481 0.13019 
11.34360 8.78585 -0.01760 1.04917 

0.46264 -0.54650 -0.11681 2.20984 
0.54545 -1.61902 -0.50366 6.44503 
2.11530 0.24993 -0.07206 0.33756 
2.09277 2.54125 -0.29257 3.41877 
-0.03423 3.61926 -0.57677 8.51356 
1.96010 -2.18787 -0.23384 2.92813 
2.48794 4.01733 -0.08655 1.05193 
2.91924 0.78283 -0.25680 4.39220 
3.34860 4.91749 -0.17131 1.47977 
3.65096 1.34032 0.02053 -1.32669 
2.35670 6.37728 -0.46038 8.41543 
2.37734 7.92917 -0.19945 2.53170 
3.39296 7.19550 -0.28146 5.09087 
3.09515 11.12028 -0.52112 8.65487 
3.88977 10.15726 -0.26431 5.81701 
3.93068 15.65888 -0.32812 7.61079 
3.41863 4.96489 -0.48662 12.55250 
3.50252 12.47457 -0.45456 12.63493 
3.65182 7.52020 -0.50080 12.55642 
3.70722 7.10797 -0.67105 14.71916 
4.14369 16.89482 -0.46662 12.61530 
4.29872 16.80012 -0.68809 17.67084 
3.56862 18.03317 -0.87230 24.15512 
3.56862 18.03317 -0.87230 24.15512 
4.08459 17.32921 -0.56873 19.79432 

