107816.767480 2.712667 0.759477 0.235294 0.376096
109405.464439 2.969296 0.753886 0.242228 0.376252
107022.616996 3.039924 0.781843 0.215447 0.379232
106257.327051 2.936157 0.726463 0.270992 0.390736
109744.596016 2.870115 0.754321 0.244444 0.362938
104418.914324 2.987944 0.737467 0.267810 0.392840
103650.270748 3.465428 0.736979 0.260417 0.385734
104914.663409 2.886808 0.759211 0.240789 0.373155
109176.968042 2.989301 0.749689 0.247821 0.365689
100410.704453 3.202623 0.710425 0.288288 0.396291
98568.152203 2.816731 0.680307 0.315857 0.400477
105997.863947 3.134340 0.725031 0.268804 0.375223
97528.604097 3.144737 0.662935 0.333333 0.400619
106103.442616 2.933586 0.694675 0.302959 0.372972
105958.050473 3.337081 0.664779 0.332956 0.370141
98304.261273 3.306466 0.679268 0.315854 0.389284

95545.340886 2.751892 0.789165 0.207906 0.742843
97813.445592 3.530937 0.817910 0.176119 0.718528
97554.219036 3.165564 0.776406 0.220850 0.690746
94063.914311 2.801971 0.776296 0.220741 0.742580
89062.492509 3.393369 0.743106 0.253991 0.757243
97706.897282 2.754753 0.776536 0.213687 0.707442
101869.322267 2.864767 0.847262 0.141210 0.662619
98229.718047 3.425850 0.768156 0.230447 0.718383
95591.173580 2.576773 0.690122 0.305819 0.767311
94972.042484 2.672491 0.745070 0.252113 0.735960
90390.857637 3.451048 0.722298 0.273598 0.743905
94513.530721 3.792079 0.718367 0.277551 0.743897
96539.450996 3.047194 0.737346 0.258550 0.719775
92117.689698 3.449096 0.721379 0.275862 0.750652
97411.999076 3.277602 0.740541 0.256757 0.726771
105321.309163 3.048417 0.774194 0.219086 0.682755

78701.081813 3.921687 0.822380 0.175844 1.184589
75700.261768 3.696711 0.786458 0.204861 1.162408
88070.063689 2.950577 0.766871 0.228528 1.129582
81128.701327 3.407288 0.750395 0.246445 1.179899
87162.932697 2.688876 0.790064 0.208333 1.141966
86357.243360 2.675081 0.757669 0.237730 1.128067
86390.013528 2.899777 0.780449 0.217949 1.143939
81569.059013 3.452032 0.744548 0.252336 1.148882
84084.890425 3.445265 0.781457 0.208609 1.158262
88179.985522 3.229614 0.738872 0.253709 1.132227
93045.423647 3.566328 0.792453 0.203193 1.035944
84431.877029 2.626004 0.746224 0.244713 1.125587
93293.262247 2.875309 0.733803 0.263380 1.109849
88918.568206 3.588399 0.694751 0.302486 1.113763
88469.794964 3.055763 0.749634 0.245974 1.106570
79481.878561 2.529093 0.668580 0.315638 1.180096

77352.441385 1.791461 0.748264 0.253472 1.655880
76189.232042 3.547458 0.780656 0.207254 1.577181
75935.041168 2.532189 0.762324 0.232394 1.605621
69832.120399 3.512749 0.723776 0.267483 1.657964
79044.348514 2.926375 0.802448 0.195804 1.535279
70266.494914 3.503722 0.708108 0.281081 1.676790
72753.189317 3.006967 0.747795 0.248677 1.651790
74356.782751 2.768364 0.758621 0.239655 1.613425
66157.544123 4.153451 0.738182 0.258182 1.693684
84412.753137 1.309828 0.728188 0.265101 1.499274
70793.935379 3.394620 0.711073 0.283737 1.614363
74743.407398 2.890571 0.760984 0.237258 1.627049
84805.153628 2.778494 0.758900 0.236246 1.574875
88596.105027 2.790827 0.717262 0.279762 1.517162
79285.570677 3.265561 0.711146 0.284144 1.558400
81664.398573 2.935807 0.647808 0.343706 1.550808

61816.356636 3.479597 0.736634 0.255446 2.192596
67243.982031 3.283701 0.729779 0.261029 2.206824
55280.678999 3.113116 0.724444 0.273333 2.368906
59014.853986 2.271023 0.686475 0.297131 2.193593
61284.896573 3.069818 0.766260 0.233740 2.286608
73519.127055 2.416305 0.730357 0.269643 2.200292
66177.910459 3.578210 0.723485 0.274621 2.257282
60419.409908 3.078695 0.690114 0.302281 2.324107
73083.482432 2.787044 0.717206 0.272572 2.038376
77589.762036 2.716656 0.759796 0.238501 2.001561
69898.319290 3.033314 0.744565 0.246377 2.096746
69082.530978 3.664218 0.712996 0.283394 2.248765
76629.372594 3.219436 0.746575 0.251712 1.980876
65628.582087 4.331716 0.706093 0.288530 2.213100
68376.631834 3.681494 0.679117 0.307301 2.222731
70887.209808 3.598417 0.672078 0.321429 2.077934

