104500.318200 2.931409 0.731518 0.263294 0.385332
99482.123059 3.004597 0.735450 0.261905 0.393469
104819.096047 2.462645 0.763926 0.234748 0.381404
103279.073382 3.597302 0.734293 0.263089 0.395434
104918.333610 2.857365 0.768707 0.229932 0.384389
107886.028192 2.760859 0.767690 0.230975 0.371969
101376.427581 3.000261 0.818578 0.177068 0.378851
109510.751223 3.015186 0.773458 0.218499 0.381873
107070.958118 2.415966 0.802452 0.193460 0.374959
108705.984307 3.054190 0.805213 0.179698 0.371180

89320.282134 2.960269 0.737537 0.259531 0.773697
91268.484552 3.631179 0.823988 0.176012 0.739647
95405.752054 3.214965 0.782164 0.213450 0.731087
89713.079591 3.052018 0.790592 0.206373 0.755868
95456.008472 3.126154 0.795058 0.199128 0.726523
96527.186240 2.122325 0.754772 0.243759 0.758389
95177.343878 3.501166 0.768678 0.228448 0.735777
94729.233295 3.774479 0.791966 0.208034 0.714783
96662.037815 2.867582 0.866562 0.131868 0.714833
97729.774431 2.818221 0.821321 0.171171 0.721615

85502.723995 3.197074 0.784929 0.208791 1.134184
84584.081504 3.494927 0.804523 0.193861 1.114016
86752.375428 2.173575 0.754687 0.242188 1.146628
87468.628695 2.510216 0.852159 0.144518 1.085969
82597.826576 2.188556 0.772800 0.222400 1.155761
79588.053506 2.554447 0.818024 0.178510 1.180759
83108.330015 3.245968 0.805511 0.192869 1.116117
85852.491602 3.012076 0.818476 0.178282 1.132335
91536.911121 2.643773 0.803432 0.193448 1.091747
79723.818825 2.823422 0.742351 0.249597 1.170835

80624.695520 1.880189 0.790576 0.200698 1.552152
88858.284221 2.364735 0.774603 0.222222 1.514989
71685.535079 3.282546 0.776577 0.218018 1.658375
67382.429158 2.935109 0.715667 0.280464 1.673072
76091.199212 3.054177 0.757042 0.235915 1.536504
75314.641878 3.201990 0.750865 0.240484 1.610162
70560.882834 3.480144 0.806513 0.191571 1.602318
85338.062069 2.348140 0.810903 0.189097 1.546347
77826.348414 3.177152 0.787197 0.207612 1.564331
82692.485936 2.802208 0.811092 0.185442 1.558759

70659.268794 2.273455 0.719298 0.278947 2.102045
60896.103079 1.999126 0.781705 0.212058 2.216085
65819.992724 2.917887 0.696226 0.305660 2.292669
60298.419737 2.722141 0.739479 0.254509 2.266037
61295.371167 3.264689 0.754455 0.241584 2.322217
62798.711093 2.409247 0.726358 0.269618 2.316639
62995.854792 2.873196 0.745491 0.252505 2.266013
65892.254157 2.437380 0.729831 0.264540 2.176885
67471.535548 3.630690 0.769376 0.228733 2.121215
73667.071958 2.382989 0.735816 0.260638 2.011845

