112693.611539 3.040102 0.742833 0.215852 
117355.565716 3.118456 0.738884 0.216653 
111800.272064 3.026500 0.785211 0.177817 
122409.546171 2.647371 0.761327 0.228155 
111407.229420 2.917953 0.732940 0.261163 
118396.544489 2.982782 0.772915 0.198183 
115733.573532 3.062394 0.760425 0.202780 
110713.134184 3.068292 0.781948 0.198391 
117582.235839 2.736628 0.747967 0.211382 
114770.450331 2.897427 0.750839 0.218960 
116527.146931 2.641062 0.731767 0.220421 
140948.211885 2.580144 0.776034 0.184023 
122909.218581 3.554910 0.741313 0.220849 
126109.361127 2.969249 0.768992 0.172868 
121291.167355 3.148727 0.771405 0.184168 
119738.631401 3.158893 0.734646 0.222835 
130968.661593 2.718428 0.762154 0.204188 
117600.981764 3.115021 0.749180 0.210656 
120971.552136 2.703468 0.778140 0.178630 
125566.758783 2.667530 0.772868 0.177519 
119123.782838 2.940924 0.786789 0.186455 
118399.962633 2.865577 0.739824 0.215483 
121857.391052 2.888642 0.751189 0.206022 
132669.730458 2.702425 0.744913 0.218750 
146912.669581 2.392290 0.745033 0.221854 

105682.555040 3.073956 0.786916 0.182243 
96503.497507 3.258141 0.742775 0.223507 
118773.112676 2.316027 0.735910 0.228663 
109285.272584 2.819604 0.782570 0.178796 
114175.944680 2.897357 0.755518 0.206282 
98192.327024 2.849157 0.780754 0.193452 
101542.795782 2.863893 0.766667 0.190476 
117692.770125 3.309941 0.791878 0.181049 
108275.060766 2.940801 0.776978 0.186151 
117129.205106 2.837437 0.767842 0.190320 
104506.861095 2.871506 0.771375 0.205390 
117288.983858 2.706316 0.767364 0.213389 
108053.558733 3.405692 0.762545 0.213262 
109266.299228 2.944642 0.750215 0.194660 
95444.177496 3.425867 0.791624 0.168539 
109497.938329 2.958236 0.750216 0.206569 
95489.305564 2.690442 0.789311 0.175745 
104381.597713 3.104359 0.766055 0.205505 
103225.076626 2.869896 0.769731 0.192201 
113177.245033 2.734119 0.737062 0.222871 
116284.416099 2.174130 0.732625 0.236304 
116670.830239 2.503242 0.772120 0.182805 
109362.566276 3.101691 0.769643 0.194643 
108539.454661 3.142627 0.756901 0.197685 
106346.410623 3.262584 0.784133 0.187269 

85212.263523 3.205271 0.727177 0.229801 
97846.973505 3.536068 0.789941 0.169625 
97104.401025 3.308352 0.779426 0.185955 
91091.404255 3.140671 0.724926 0.241311 
98120.350722 2.942521 0.765610 0.197887 
83571.998930 2.913737 0.707577 0.252935 
93613.852384 3.294847 0.744576 0.207101 
91490.829612 2.998228 0.717241 0.243350 
76532.641721 2.966552 0.728009 0.234954 
91153.806383 3.162012 0.748223 0.237563 
99954.600911 3.136781 0.743948 0.208566 
92543.019922 2.950514 0.740631 0.209073 
106202.726702 2.677945 0.725919 0.254816 
94996.579484 3.202232 0.722593 0.224976 
101183.365931 3.940623 0.781853 0.186293 
101250.842171 3.027643 0.754808 0.201923 
97079.265248 2.860399 0.722800 0.214759 
99033.656876 3.424907 0.780230 0.171785 
88026.678714 3.275005 0.792368 0.178451 
90844.556592 3.331255 0.764033 0.195426 
97526.927757 2.650397 0.760700 0.223735 
95718.610048 3.451772 0.748792 0.223188 
82184.846376 3.598470 0.774857 0.185143 
108084.888245 2.804270 0.767462 0.186561 
85421.420721 3.283658 0.733546 0.237792 

87844.627026 3.335206 0.732785 0.215827 
73358.711448 3.354201 0.705813 0.252669 
91304.649779 3.015062 0.719802 0.249505 
73045.226254 3.207841 0.714286 0.236534 
86093.924552 3.030462 0.725636 0.235169 
80114.970110 3.255688 0.761851 0.195260 
82662.464035 3.024057 0.720879 0.246154 
75846.925040 3.183771 0.744630 0.241050 
74599.451850 3.479545 0.727064 0.216743 
72743.743517 3.810174 0.713105 0.234947 
77101.046903 3.395638 0.776048 0.208383 
80069.591846 3.239164 0.706710 0.256494 
89367.759754 3.017667 0.722561 0.225610 
87098.621659 2.940305 0.702783 0.240557 
73974.350732 3.081880 0.684571 0.288000 
88858.197049 2.873686 0.717234 0.255934 
79026.097183 3.603012 0.741573 0.231461 
88537.048971 3.072031 0.704819 0.257028 
71859.153243 3.291626 0.707784 0.247904 
72897.703264 3.945674 0.734055 0.220217 
65225.907960 3.222130 0.689655 0.251596 
78900.516010 3.223180 0.686147 0.257576 
88354.949176 3.032062 0.696607 0.261477 
74429.033126 3.265497 0.720000 0.257647 
0.000000 -nan 0.000000 1.060000 

75370.875985 3.047098 0.700111 0.251951 
65174.661822 3.741400 0.688131 0.260101 
68458.529692 3.061911 0.728346 0.269029 
74346.456270 3.584011 0.712247 0.273484 
69149.313009 3.328882 0.697270 0.246898 
62929.336954 3.771062 0.685379 0.278068 
84658.961787 3.550256 0.734457 0.219178 
62945.061713 3.323835 0.661784 0.307590 
71996.966153 3.344690 0.679715 0.285884 
20690.331087 0.635043 0.428969 0.643454 
68086.265942 3.432434 0.719388 0.251276 
76606.362090 3.279032 0.716937 0.247100 
78051.859612 3.151086 0.722286 0.228571 
65723.232985 4.285328 0.746649 0.210456 
69220.130241 3.014419 0.670673 0.278846 
66391.638236 3.481115 0.712614 0.260078 
67133.276813 2.719086 0.657993 0.320942 
77085.585930 3.227017 0.700224 0.250559 
72039.543851 3.219881 0.702179 0.245763 
57613.494463 3.482659 0.652463 0.302264 
73241.638678 3.062443 0.680092 0.266974 
63932.654406 3.864793 0.703125 0.253906 
62761.541603 3.854390 0.692206 0.265522 
67798.783082 3.621643 0.710828 0.240764 
51119.102670 4.392322 0.723602 0.254658 

