119138.150223 2.489765 0.758313 0.207624 
117668.618722 2.937418 0.743548 0.233065 
118322.567450 3.441081 0.748991 0.222760 
112994.182365 3.173586 0.710824 0.258481 
109449.444825 3.271104 0.726813 0.234401 
102754.325027 3.652585 0.716948 0.246673 
111281.840700 3.204956 0.751291 0.216867 
129553.585652 2.853371 0.719373 0.232194 
112609.734241 3.318930 0.725938 0.235726 
109191.463359 3.282008 0.722363 0.225316 
116248.782752 3.499491 0.703876 0.265116 
106327.233649 3.351806 0.719761 0.237649 
128681.053818 2.899715 0.690909 0.278322 
111979.248886 3.567059 0.660420 0.299100 
124132.342874 3.328162 0.707335 0.254902 
110566.332038 3.554149 0.623571 0.315714 
106217.322325 3.585650 0.623874 0.331832 
101667.860673 4.382296 0.657613 0.293827 
111891.560549 3.848835 0.623404 0.318440 
136435.649786 3.552881 0.674419 0.288760 
119342.994064 3.084221 0.595635 0.365212 
108489.790421 3.821036 0.629412 0.319853 
108186.056161 4.458382 0.622352 0.322863 
98916.911353 4.154133 0.578909 0.385693 
109191.454540 4.384357 0.592133 0.320911 

107011.059513 2.898987 0.739053 0.223414 
103521.384500 3.280018 0.754839 0.203687 
91222.637095 3.618180 0.771249 0.181532 
110347.372028 2.832018 0.742463 0.226529 
94494.221592 3.486160 0.729730 0.221042 
114144.712600 2.766044 0.738424 0.231519 
105539.987262 3.092358 0.736099 0.225066 
106123.480995 3.107429 0.720713 0.225806 
112735.570395 2.779734 0.717742 0.245968 
110082.714463 3.124216 0.735489 0.208126 
100102.814661 3.098194 0.671527 0.290738 
100139.276093 3.567850 0.694987 0.250637 
98843.878025 3.386315 0.670628 0.289474 
103288.545469 3.216585 0.694421 0.256453 
101596.957582 3.284156 0.676421 0.280936 
89533.768404 3.464074 0.617968 0.322418 
95452.220340 3.541550 0.637043 0.291528 
103313.515780 3.480086 0.655645 0.294355 
92415.525927 3.794121 0.664894 0.304078 
111209.243945 3.732512 0.620423 0.325352 
89008.625286 4.332067 0.557604 0.355607 
91294.428541 4.692628 0.638169 0.345423 
88494.056205 4.052530 0.579508 0.356557 
96230.127224 3.946022 0.585866 0.367021 
97519.741564 3.960073 0.627092 0.300398 

88568.011043 3.321441 0.719067 0.249493 
97848.197662 3.314068 0.738318 0.206542 
89267.932765 3.354664 0.698819 0.242126 
85496.755476 3.514752 0.731250 0.219792 
84506.775977 3.334745 0.704475 0.239334 
87562.453073 3.268721 0.706000 0.247000 
84981.286813 3.325750 0.689203 0.263370 
94196.606932 3.036740 0.694470 0.271790 
88368.436210 3.628253 0.747174 0.231244 
82924.652130 3.047356 0.639922 0.338552 
100905.766163 3.359731 0.702401 0.248714 
91203.760770 3.327573 0.681606 0.265173 
90143.951897 3.205218 0.675277 0.276753 
84536.483735 3.204913 0.671612 0.285856 
88505.277076 3.433411 0.632889 0.305778 
81041.960301 4.153440 0.649464 0.316456 
90584.899227 3.960661 0.581526 0.375904 
87182.244285 3.793120 0.611301 0.351884 
86643.154419 3.848136 0.625783 0.319606 
85103.820020 3.672069 0.626151 0.323204 
87034.876277 3.832190 0.532447 0.413604 
89809.801982 3.781861 0.542813 0.389908 
101519.804761 3.042213 0.588897 0.393848 
81791.982767 3.790810 0.532999 0.435255 
79897.672005 3.970109 0.595104 0.352166 

91752.889836 3.125720 0.748216 0.207951 
71781.379337 3.650039 0.750311 0.248447 
95460.137132 2.974290 0.778462 0.171282 
86882.474611 3.152269 0.750820 0.246995 
84406.017173 3.369428 0.708637 0.249740 
94213.118532 2.890267 0.691163 0.268837 
74581.975939 3.336366 0.676243 0.270718 
76724.963758 3.297706 0.676375 0.285868 
75378.584211 3.674030 0.688839 0.280722 
80698.478897 3.717624 0.661554 0.290389 
71286.754764 3.491024 0.641593 0.329646 
91100.885458 3.173223 0.656621 0.312329 
69707.392073 3.837804 0.624595 0.321467 
77430.416991 3.637384 0.639279 0.320641 
80587.967958 3.269156 0.647001 0.292035 
67391.059382 4.447952 0.590674 0.350259 
76295.420226 3.956092 0.648485 0.310101 
71928.390674 3.738075 0.602062 0.341237 
76867.601907 3.565061 0.617000 0.326000 
71902.550645 3.879376 0.624204 0.332272 
80278.870433 3.714291 0.593066 0.390511 
64227.611915 4.325301 0.531381 0.413180 
64084.861600 4.446336 0.550000 0.411702 
64400.764038 4.419486 0.574514 0.371490 
67144.174858 4.687597 0.530086 0.402101 

71418.935226 3.249304 0.730000 0.275000 
79164.022312 3.425780 0.734554 0.216247 
68891.183343 3.789427 0.651672 0.319493 
72197.790577 3.558661 0.697076 0.245614 
76007.820008 3.232211 0.661166 0.287129 
67638.822257 3.666022 0.618040 0.314031 
67192.897872 3.431365 0.662607 0.280146 
70214.610210 2.994494 0.659831 0.325694 
68329.626282 3.682464 0.675204 0.261932 
74470.336081 2.842379 0.660138 0.319124 
81707.122057 3.408001 0.615745 0.330834 
75660.554401 3.674806 0.647858 0.293626 
68200.545564 2.879561 0.670717 0.319563 
43770.102566 4.763898 0.592920 0.361357 
73811.211311 4.459514 0.635307 0.293869 
55411.367955 3.033942 0.530941 0.419554 
64782.818971 3.744300 0.611422 0.311310 
70596.042513 3.806258 0.586313 0.353422 
64705.635304 3.989729 0.621879 0.346017 
70858.260133 3.943397 0.571150 0.363548 
61671.920034 3.105762 0.576694 0.387634 
61998.615932 3.954722 0.527068 0.451481 
66083.261929 4.453101 0.544615 0.418462 
56530.560921 4.787604 0.539488 0.404894 
68542.873337 4.435263 0.509695 0.434903 

