175427.089784 1.020015 0.951498 0.048502 
175427.089784 1.020015 0.951498 0.048502 
175427.089784 1.020015 0.951498 0.048502 
175427.066830 1.020015 0.952857 0.047143 
175427.089784 1.020015 0.951498 0.048502 
188663.026348 1.020016 0.949266 0.050734 
188663.026348 1.020016 0.949266 0.050734 
188663.026348 1.020016 0.949266 0.050734 
187317.731985 1.020016 0.948925 0.051075 
188663.026348 1.020016 0.949266 0.050734 
201621.576612 1.020017 0.946144 0.053856 
201621.576612 1.020017 0.946144 0.053856 
201621.576612 1.020017 0.946144 0.053856 
201621.576612 1.020017 0.946144 0.053856 
199772.551910 1.020017 0.946848 0.053152 
226509.344475 1.020018 0.948578 0.051422 
226509.344475 1.020018 0.948578 0.051422 
226509.344475 1.020018 0.948578 0.051422 
226509.344475 1.020018 0.948578 0.051422 
226509.344475 1.020018 0.948578 0.051422 
246796.118856 1.020020 0.945892 0.054108 
244946.429138 1.020020 0.947422 0.052578 
246796.118856 1.020020 0.945892 0.054108 
246796.118856 1.020020 0.945892 0.054108 
246796.118856 1.020020 0.945892 0.054108 

327111.023534 1.020015 0.943396 0.056604 
327111.023534 1.020015 0.943396 0.056604 
327111.023534 1.020015 0.943396 0.056604 
327111.023534 1.020015 0.943396 0.056604 
327111.023534 1.020015 0.943396 0.056604 
368666.997149 1.020015 0.945946 0.054054 
368666.997149 1.020015 0.945946 0.054054 
368666.997149 1.020015 0.945946 0.054054 
354334.082212 1.020015 0.945139 0.054861 
368666.997149 1.020015 0.945946 0.054054 
394454.371091 1.020016 0.948669 0.051331 
415532.677553 1.020016 0.951116 0.048884 
391020.815514 1.020016 0.949367 0.050633 
394454.371091 1.020016 0.948669 0.051331 
394454.371091 1.020016 0.948669 0.051331 
413371.989711 1.020017 0.948534 0.051466 
413371.989711 1.020017 0.948534 0.051466 
412487.418123 1.020018 0.947431 0.052569 
413371.989711 1.020017 0.948534 0.051466 
413371.989711 1.020017 0.948534 0.051466 
472557.988035 1.020020 0.947564 0.052436 
472557.988035 1.020020 0.947564 0.052436 
472557.988035 1.020020 0.947564 0.052436 
472557.988035 1.020020 0.947564 0.052436 
472557.988035 1.020020 0.947564 0.052436 

489356.507613 1.020015 0.949546 0.050454 
489356.507613 1.020015 0.949546 0.050454 
489356.507613 1.020015 0.949546 0.050454 
489356.507613 1.020015 0.949546 0.050454 
489356.507613 1.020015 0.949546 0.050454 
545754.461343 1.020015 0.945020 0.054980 
545754.461343 1.020015 0.945020 0.054980 
548130.074663 1.020016 0.944818 0.055182 
545754.461343 1.020015 0.945020 0.054980 
545754.461343 1.020015 0.945020 0.054980 
606568.242909 1.020016 0.948613 0.051387 
606568.242909 1.020016 0.948613 0.051387 
606568.242909 1.020016 0.948613 0.051387 
606568.242909 1.020016 0.948613 0.051387 
606568.242909 1.020016 0.948613 0.051387 
639724.739292 1.020018 0.941606 0.058394 
639724.739292 1.020018 0.941606 0.058394 
639724.739292 1.020018 0.941606 0.058394 
639724.739292 1.020018 0.941606 0.058394 
624000.418104 1.020018 0.942823 0.057177 
721134.247275 1.020020 0.945637 0.054363 
721134.247275 1.020020 0.945637 0.054363 
721134.247275 1.020020 0.945637 0.054363 
721134.247275 1.020020 0.945637 0.054363 
706998.265372 1.020021 0.945143 0.054857 

670157.501983 1.020015 0.943936 0.056064 
670157.501983 1.020015 0.943936 0.056064 
670157.501983 1.020015 0.943936 0.056064 
670157.501983 1.020015 0.943936 0.056064 
670157.501983 1.020015 0.943936 0.056064 
748211.914095 1.020016 0.949735 0.050265 
755078.260656 1.020016 0.949853 0.050147 
755078.260656 1.020016 0.949853 0.050147 
755078.260656 1.020016 0.949853 0.050147 
748211.914095 1.020016 0.949735 0.050265 
812010.254438 1.020016 0.947929 0.052071 
832311.385047 1.020017 0.947979 0.052021 
812010.254438 1.020016 0.947929 0.052071 
812010.254438 1.020016 0.947929 0.052071 
812010.254438 1.020016 0.947929 0.052071 
883577.059041 1.020018 0.944196 0.055804 
885426.218458 1.020018 0.944831 0.055169 
883577.059041 1.020018 0.944196 0.055804 
883577.059041 1.020018 0.944196 0.055804 
883577.059041 1.020018 0.944196 0.055804 
933313.047371 1.020020 0.946504 0.053496 
933313.047371 1.020020 0.946504 0.053496 
933313.047371 1.020020 0.946504 0.053496 
933313.047371 1.020020 0.946504 0.053496 
933313.047371 1.020020 0.946504 0.053496 

911421.098495 1.020016 0.948753 0.051247 
914771.586152 1.020016 0.948676 0.051324 
911421.098495 1.020016 0.948753 0.051247 
911421.098495 1.020016 0.948753 0.051247 
911421.098495 1.020016 0.948753 0.051247 
1013943.057044 1.020016 0.951542 0.048458 
1013943.057044 1.020016 0.951542 0.048458 
1013943.057044 1.020016 0.951542 0.048458 
1013943.057044 1.020016 0.951542 0.048458 
1003089.614718 1.020016 0.951617 0.048383 
1118793.116200 1.020017 0.952011 0.047989 
1131716.149481 1.020017 0.954344 0.045656 
1131716.149481 1.020017 0.954344 0.045656 
1146101.393438 1.020017 0.950948 0.049052 
1102417.560337 1.020017 0.951126 0.048874 
1197872.528586 1.020018 0.951630 0.048370 
1254257.650575 1.020018 0.950240 0.049760 
1214688.242163 1.020018 0.953426 0.046574 
1214688.242163 1.020018 0.953426 0.046574 
1214688.242163 1.020018 0.953426 0.046574 
1253531.634523 1.020021 0.952135 0.047865 
1250296.514158 1.020020 0.950159 0.049841 
1243169.532827 1.020020 0.948754 0.051246 
1232609.703305 1.020020 0.949678 0.050322 
1286020.342564 1.020020 0.951054 0.048946 

