171956.920353 1.020015 0.951965 0.048035 
171956.920353 1.020015 0.951965 0.048035 
171956.920353 1.020015 0.951965 0.048035 
171956.920353 1.020015 0.951965 0.048035 
171956.920353 1.020015 0.951965 0.048035 
171956.920353 1.020015 0.951965 0.048035 
170622.257460 1.020015 0.951613 0.048387 
171956.920353 1.020015 0.951965 0.048035 
171956.920353 1.020015 0.951965 0.048035 
171956.920353 1.020015 0.951965 0.048035 
171956.920353 1.020015 0.951965 0.048035 
171956.920353 1.020015 0.951965 0.048035 
171956.920353 1.020015 0.951965 0.048035 
170622.257460 1.020015 0.951613 0.048387 
171956.920353 1.020015 0.951965 0.048035 
171956.920353 1.020015 0.951965 0.048035 
171956.920353 1.020015 0.951965 0.048035 
171956.920353 1.020015 0.951965 0.048035 
171956.920353 1.020015 0.951965 0.048035 
171956.920353 1.020015 0.951965 0.048035 
171956.920353 1.020015 0.951965 0.048035 
171956.920353 1.020015 0.951965 0.048035 
171956.920353 1.020015 0.951965 0.048035 
171956.920353 1.020015 0.951965 0.048035 
171956.920353 1.020015 0.951965 0.048035 

300334.332978 1.020015 0.935223 0.064777 
300334.332978 1.020015 0.935223 0.064777 
300334.332978 1.020015 0.935223 0.064777 
312696.447623 1.020014 0.944270 0.055730 
300334.332978 1.020015 0.935223 0.064777 
300334.332978 1.020015 0.935223 0.064777 
300334.332978 1.020015 0.935223 0.064777 
300334.332978 1.020015 0.935223 0.064777 
300334.332978 1.020015 0.935223 0.064777 
300334.332978 1.020015 0.935223 0.064777 
300334.332978 1.020015 0.935223 0.064777 
300334.332978 1.020015 0.935223 0.064777 
300334.332978 1.020015 0.935223 0.064777 
300334.332978 1.020015 0.935223 0.064777 
300334.332978 1.020015 0.935223 0.064777 
300334.332978 1.020015 0.935223 0.064777 
300334.332978 1.020015 0.935223 0.064777 
300334.332978 1.020015 0.935223 0.064777 
300334.332978 1.020015 0.935223 0.064777 
300334.332978 1.020015 0.935223 0.064777 
300334.332978 1.020015 0.935223 0.064777 
300334.332978 1.020015 0.935223 0.064777 
300334.332978 1.020015 0.935223 0.064777 
300334.332978 1.020015 0.935223 0.064777 
300334.332978 1.020015 0.935223 0.064777 

499284.395429 1.020016 0.944390 0.055610 
474834.847398 1.020015 0.948213 0.051787 
474834.847398 1.020015 0.948213 0.051787 
474834.847398 1.020015 0.948213 0.051787 
474834.847398 1.020015 0.948213 0.051787 
474834.847398 1.020015 0.948213 0.051787 
474834.847398 1.020015 0.948213 0.051787 
474834.847398 1.020015 0.948213 0.051787 
474834.847398 1.020015 0.948213 0.051787 
474834.847398 1.020015 0.948213 0.051787 
474834.847398 1.020015 0.948213 0.051787 
474834.847398 1.020015 0.948213 0.051787 
474834.847398 1.020015 0.948213 0.051787 
474834.847398 1.020015 0.948213 0.051787 
474834.847398 1.020015 0.948213 0.051787 
474834.847398 1.020015 0.948213 0.051787 
474834.847398 1.020015 0.948213 0.051787 
474834.847398 1.020015 0.948213 0.051787 
474834.847398 1.020015 0.948213 0.051787 
474834.847398 1.020015 0.948213 0.051787 
474834.847398 1.020015 0.948213 0.051787 
474834.847398 1.020015 0.948213 0.051787 
474834.847398 1.020015 0.948213 0.051787 
474834.847398 1.020015 0.948213 0.051787 
474834.847398 1.020015 0.948213 0.051787 

629878.054800 1.020015 0.945767 0.054233 
629878.054800 1.020015 0.945767 0.054233 
629878.054800 1.020015 0.945767 0.054233 
629878.054800 1.020015 0.945767 0.054233 
629878.054800 1.020015 0.945767 0.054233 
629878.054800 1.020015 0.945767 0.054233 
629878.054800 1.020015 0.945767 0.054233 
629878.054800 1.020015 0.945767 0.054233 
629878.054800 1.020015 0.945767 0.054233 
630142.178499 1.020015 0.945788 0.054212 
629878.054800 1.020015 0.945767 0.054233 
637009.394679 1.020015 0.947429 0.052571 
629878.054800 1.020015 0.945767 0.054233 
630142.178499 1.020015 0.945788 0.054212 
629878.054800 1.020015 0.945767 0.054233 
629878.054800 1.020015 0.945767 0.054233 
629878.054800 1.020015 0.945767 0.054233 
629878.054800 1.020015 0.945767 0.054233 
629878.054800 1.020015 0.945767 0.054233 
629878.054800 1.020015 0.945767 0.054233 
629878.054800 1.020015 0.945767 0.054233 
629878.054800 1.020015 0.945767 0.054233 
629878.054800 1.020015 0.945767 0.054233 
629878.054800 1.020015 0.945767 0.054233 
629878.054800 1.020015 0.945767 0.054233 

886315.129981 1.020016 0.948718 0.051282 
886315.129981 1.020016 0.948718 0.051282 
886315.129981 1.020016 0.948718 0.051282 
886315.129981 1.020016 0.948718 0.051282 
875066.802104 1.020016 0.946539 0.053461 
886315.129981 1.020016 0.948718 0.051282 
886315.129981 1.020016 0.948718 0.051282 
886315.129981 1.020016 0.948718 0.051282 
886315.129981 1.020016 0.948718 0.051282 
886315.129981 1.020016 0.948718 0.051282 
915801.675043 1.020015 0.950514 0.049486 
886315.129981 1.020016 0.948718 0.051282 
886315.129981 1.020016 0.948718 0.051282 
886315.129981 1.020016 0.948718 0.051282 
886315.129981 1.020016 0.948718 0.051282 
886315.129981 1.020016 0.948718 0.051282 
886315.129981 1.020016 0.948718 0.051282 
886315.129981 1.020016 0.948718 0.051282 
886315.129981 1.020016 0.948718 0.051282 
886315.129981 1.020016 0.948718 0.051282 
886315.129981 1.020016 0.948718 0.051282 
901891.992900 1.020016 0.948767 0.051233 
886315.129981 1.020016 0.948718 0.051282 
900316.613268 1.020015 0.950247 0.049753 
886315.129981 1.020016 0.948718 0.051282 

