0.00000 0.00000 0.00000 0.00000 
0.00000 0.00000 0.00000 0.00000 
0.00000 0.00000 0.00000 0.00000 
0.00000 0.00000 0.00000 0.00000 
6.21639 0.00059 0.24932 -5.54431 
6.21639 0.00059 0.24932 -5.54431 
6.21639 0.00059 0.24932 -5.54431 
6.21639 0.00059 0.24932 -5.54431 
12.75320 0.00049 0.48339 -10.75309 
12.75320 0.00049 0.48339 -10.75309 
12.75320 0.00049 0.48339 -10.75309 
12.75320 0.00049 0.48339 -10.75309 
15.76527 0.00049 0.58266 -12.96336 
15.76527 0.00049 0.58266 -12.96336 
15.76527 0.00049 0.58266 -12.96336 
15.76527 0.00049 0.58266 -12.96336 

0.00000 0.00000 0.00000 0.00000 
0.00000 0.00000 0.00000 0.00000 
0.00000 0.00000 0.00000 0.00000 
0.00000 0.00000 0.00000 0.00000 
15.88290 0.00343 1.06535 -12.55218 
15.88290 0.00343 1.06535 -12.55218 
15.88290 0.00343 1.06535 -12.55218 
15.88290 0.00343 1.06535 -12.55218 
22.18483 0.00363 0.79554 -2.32744 
22.18483 0.00363 0.79554 -2.32744 
22.18483 0.00363 0.79554 -2.32744 
22.18483 0.00363 0.79554 -2.32744 
13.93597 0.00304 -1.28309 40.52276 
13.93597 0.00304 -1.28309 40.52276 
13.93597 0.00304 -1.28309 40.52276 
13.93597 0.00304 -1.28309 40.52276 

4.25096 -0.00039 0.31119 -3.69117 
4.25096 -0.00039 0.31119 -3.69117 
4.25096 -0.00039 0.31119 -3.69117 
4.25096 -0.00039 0.31119 -3.69117 
25.46745 0.00412 1.43167 -15.51877 
25.46745 0.00412 1.43167 -15.51877 
25.46745 0.00412 1.43167 -15.51877 
25.46745 0.00412 1.43167 -15.51877 
28.95247 0.00323 0.88834 -1.71601 
28.95247 0.00323 0.88834 -1.71601 
28.95247 0.00323 0.88834 -1.71601 
28.95247 0.00323 0.88834 -1.71601 
27.95675 0.00284 -1.13924 42.74841 
27.95675 0.00284 -1.13924 42.74841 
27.95675 0.00284 -1.13924 42.74841 
27.95675 0.00284 -1.13924 42.74841 

12.28071 0.00373 0.80572 -9.97332 
12.28071 0.00373 0.80572 -9.97332 
12.28071 0.00373 0.80572 -9.97332 
12.28071 0.00373 0.80572 -9.97332 
21.61405 0.00539 0.25236 6.38212 
21.61405 0.00539 0.25236 6.38212 
21.61405 0.00539 0.25236 6.38212 
21.61405 0.00539 0.25236 6.38212 
29.08073 0.00294 0.10905 12.60060 
29.08073 0.00294 0.10905 12.60060 
29.08073 0.00294 0.10905 12.60060 
29.08073 0.00294 0.10905 12.60060 
23.21873 0.00392 -3.48119 86.59015 
23.21873 0.00392 -3.48119 86.59015 
23.21873 0.00392 -3.48119 86.59015 
23.21873 0.00392 -3.48119 86.59015 

10.36851 0.00422 -0.03772 5.15086 
10.36851 0.00422 -0.03772 5.15086 
10.36851 0.00422 -0.03772 5.15086 
10.36851 0.00422 -0.03772 5.15086 
16.96395 0.00069 -0.66778 18.32340 
16.96395 0.00069 -0.66778 18.32340 
16.96395 0.00069 -0.66778 18.32340 
16.96395 0.00069 -0.66778 18.32340 
34.61122 0.00118 -0.31743 17.78139 
34.61122 0.00118 -0.31743 17.78139 
34.61122 0.00118 -0.31743 17.78139 
34.61122 0.00118 -0.31743 17.78139 
44.08845 0.00255 -1.30536 36.86540 
44.08845 0.00255 -1.30536 36.86540 
44.08845 0.00255 -1.30536 36.86540 
44.08845 0.00255 -1.30536 36.86540 

