6.60255 -0.83096 -0.39724 12.68806 
7.99845 -5.77079 -1.19054 23.27170 
-0.29206 -21.90078 -4.32561 70.22429 
5.57430 -24.00030 -3.77500 49.80925 
5.57430 -24.00030 -3.77500 49.80925 
11.19556 -6.76990 -2.02423 21.38110 
10.12679 -0.49921 -3.62433 51.69984 
5.98502 1.86813 -2.37050 52.96742 
5.58129 1.95330 -2.89821 60.47596 
5.58129 1.95330 -2.89821 60.47596 
14.00221 1.73851 -1.43096 31.97089 
15.55148 0.27978 -2.23322 42.65760 
17.67002 5.32531 -3.86994 63.01572 
19.13368 3.39988 -4.77858 63.34800 
18.26750 -1.00973 -3.29578 50.99529 
16.16846 -11.59888 -5.30014 87.20733 
16.16846 -11.59888 -5.30014 87.20733 
9.25114 -9.65063 -4.74175 65.20014 
7.04832 1.17815 -5.92906 100.11384 
16.65993 -7.68046 -5.68853 83.65689 
8.73921 17.65070 -8.03462 105.53026 
8.73921 17.65070 -8.03462 105.53026 
8.73921 17.65070 -8.03462 105.53026 
8.73921 17.65070 -8.03462 105.53026 
8.73921 17.65070 -8.03462 105.53026 

15.91868 -9.90750 2.49907 -16.36361 
16.17454 -9.07502 1.20048 -10.19645 
16.69392 -9.33971 1.37797 -4.01724 
15.66161 -9.15216 1.45966 -6.60389 
14.37008 -7.89079 1.01071 -9.02194 
17.52701 -14.98322 0.24808 -4.38172 
21.56634 -14.87196 1.15095 -4.21313 
22.85654 -15.32693 0.16454 -1.45067 
20.10401 -14.06759 -0.42268 2.94791 
21.39803 -13.10681 0.53920 -6.07965 
23.07381 -4.77271 0.09014 4.67394 
23.07851 -5.44893 1.25335 -6.70424 
17.22807 0.40857 -1.13556 9.23549 
14.73264 -0.38448 -2.31683 15.92367 
20.23720 -1.30486 0.25803 0.11480 
25.47283 -18.22382 -2.22183 17.24348 
25.04749 -17.57653 -2.65285 21.13629 
20.48470 -16.66927 -3.09995 23.58004 
20.48470 -16.66927 -3.09995 23.58004 
20.48470 -16.66927 -3.09995 23.58004 
21.19223 -12.41396 -4.69927 24.51129 
21.19223 -12.41396 -4.69927 24.51129 
21.19223 -12.41396 -4.69927 24.51129 
23.77310 -13.94793 -4.30945 27.38775 
23.08706 -11.49790 -4.34508 35.13483 

0.74950 4.44136 -0.91693 4.38339 
-12.33610 0.58733 -4.82989 29.55594 
-12.85830 3.83650 -5.34132 34.54409 
-24.83372 35.44786 -8.19630 43.93420 
-12.91057 10.75322 -5.55189 35.55450 
-1.78584 9.34268 0.35289 0.89377 
-0.12978 0.17724 -2.56298 12.36785 
-0.01875 6.46867 -1.15480 2.32245 
-1.65239 1.40702 -2.02111 11.26606 
-1.81059 1.34004 -2.12995 11.95551 
2.83657 1.43828 -1.60417 12.93026 
1.17142 -9.86167 -3.85194 23.26243 
-13.55918 -1.49347 -7.14952 47.48698 
1.07150 -9.71203 -4.15980 28.61091 
2.80133 -0.95061 -3.84214 27.24166 
