5.86211 0.00000 -0.41399 7.52589 
5.86211 0.00000 -0.41399 7.52589 
5.86211 0.00000 -0.41399 7.52589 
5.86211 0.00000 -0.41399 7.52589 
5.86211 0.00000 -0.41399 7.52589 
19.48539 0.00010 -0.04283 0.77867 
19.48539 0.00010 -0.04283 0.77867 
19.48539 0.00010 -0.04283 0.77867 
19.48539 0.00010 -0.04283 0.77867 
19.48539 0.00010 -0.04283 0.77867 
31.47692 0.00020 0.01255 -0.22823 
31.47692 0.00020 0.01255 -0.22823 
31.47692 0.00020 0.01255 -0.22823 
31.47692 0.00020 0.01255 -0.22823 
31.47692 0.00020 0.01255 -0.22823 
39.69786 0.00029 -0.27040 4.91561 
39.69786 0.00029 -0.27040 4.91561 
39.69786 0.00029 -0.27040 4.91561 
39.69786 0.00029 -0.27040 4.91561 
39.69786 0.00029 -0.27040 4.91561 
46.80629 0.00049 -0.27156 4.93671 
46.80629 0.00049 -0.27156 4.93671 
46.80629 0.00049 -0.27156 4.93671 
46.80629 0.00049 -0.27156 4.93671 
46.80629 0.00049 -0.27156 4.93671 

6.39480 0.00000 -0.19360 3.37617 
6.39480 0.00000 -0.19360 3.37617 
6.39480 0.00000 -0.19360 3.37617 
6.39480 0.00000 -0.19360 3.37617 
6.39480 0.00000 -0.19360 3.37617 
19.87690 0.00010 0.43203 -7.53416 
19.87690 0.00010 0.43203 -7.53416 
19.87690 0.00010 0.43203 -7.53416 
19.87690 0.00010 0.43203 -7.53416 
19.87690 0.00010 0.43203 -7.53416 
28.91547 0.00010 0.22860 -3.98650 
28.91547 0.00010 0.22860 -3.98650 
28.91547 0.00010 0.22860 -3.98650 
28.91547 0.00010 0.22860 -3.98650 
28.91547 0.00010 0.22860 -3.98650 
40.27748 0.00029 -0.16611 2.89676 
40.27748 0.00029 -0.16611 2.89676 
40.27748 0.00029 -0.16611 2.89676 
40.27748 0.00029 -0.16611 2.89676 
40.27748 0.00029 -0.16611 2.89676 
48.17361 0.00049 0.07793 -1.35895 
48.17361 0.00049 0.07793 -1.35895 
48.17361 0.00049 0.07793 -1.35895 
48.17361 0.00049 0.07793 -1.35895 
48.17361 0.00049 0.07793 -1.35895 

6.39480 0.00000 -0.19360 3.37617 
6.39480 0.00000 -0.19360 3.37617 
6.39480 0.00000 -0.19360 3.37617 
6.39480 0.00000 -0.19360 3.37617 
6.39480 0.00000 -0.19360 3.37617 
19.87690 0.00010 0.43203 -7.53416 
19.87690 0.00010 0.43203 -7.53416 
19.87690 0.00010 0.43203 -7.53416 
19.87690 0.00010 0.43203 -7.53416 
19.87690 0.00010 0.43203 -7.53416 
28.91547 0.00010 0.22860 -3.98650 
28.91547 0.00010 0.22860 -3.98650 
28.91547 0.00010 0.22860 -3.98650 
28.91547 0.00010 0.22860 -3.98650 
28.91547 0.00010 0.22860 -3.98650 
40.27748 0.00029 -0.16611 2.89676 
40.27748 0.00029 -0.16611 2.89676 
40.27748 0.00029 -0.16611 2.89676 
40.27748 0.00029 -0.16611 2.89676 
40.27748 0.00029 -0.16611 2.89676 
48.17361 0.00049 0.07793 -1.35895 
48.17361 0.00049 0.07793 -1.35895 
48.17361 0.00049 0.07793 -1.35895 
48.17361 0.00049 0.07793 -1.35895 
48.17361 0.00049 0.07793 -1.35895 

6.39480 0.00000 -0.19360 3.37617 
6.39480 0.00000 -0.19360 3.37617 
6.39480 0.00000 -0.19360 3.37617 
6.39480 0.00000 -0.19360 3.37617 
6.39480 0.00000 -0.19360 3.37617 
19.87690 0.00010 0.43203 -7.53416 
19.87690 0.00010 0.43203 -7.53416 
19.87690 0.00010 0.43203 -7.53416 
19.87690 0.00010 0.43203 -7.53416 
19.87690 0.00010 0.43203 -7.53416 
28.91547 0.00010 0.22860 -3.98650 
28.91547 0.00010 0.22860 -3.98650 
28.91547 0.00010 0.22860 -3.98650 
28.91547 0.00010 0.22860 -3.98650 
28.91547 0.00010 0.22860 -3.98650 
40.27748 0.00029 -0.16611 2.89676 
40.27748 0.00029 -0.16611 2.89676 
40.27748 0.00029 -0.16611 2.89676 
40.27748 0.00029 -0.16611 2.89676 
40.27748 0.00029 -0.16611 2.89676 
48.17361 0.00049 0.07793 -1.35895 
48.17361 0.00049 0.07793 -1.35895 
48.17361 0.00049 0.07793 -1.35895 
48.17361 0.00049 0.07793 -1.35895 
48.17361 0.00049 0.07793 -1.35895 

6.67969 0.00000 -0.10764 1.87709 
6.67969 0.00000 -0.10764 1.87709 
6.67969 0.00000 -0.10764 1.87709 
6.67969 0.00000 -0.10764 1.87709 
6.67969 0.00000 -0.10764 1.87709 
19.89670 0.00010 0.43203 -7.53416 
19.89670 0.00010 0.43203 -7.53416 
19.89670 0.00010 0.43203 -7.53416 
19.89670 0.00010 0.43203 -7.53416 
19.89670 0.00010 0.43203 -7.53416 
28.97872 0.00010 0.26085 -4.54889 
28.97872 0.00010 0.26085 -4.54889 
28.97872 0.00010 0.26085 -4.54889 
28.97872 0.00010 0.26085 -4.54889 
28.97872 0.00010 0.26085 -4.54889 
41.30345 0.00029 -0.04208 0.73387 
41.30345 0.00029 -0.04208 0.73387 
41.30345 0.00029 -0.04208 0.73387 
41.30345 0.00029 -0.04208 0.73387 
41.30345 0.00029 -0.04208 0.73387 
48.19809 0.00049 0.07793 -1.35895 
48.19809 0.00049 0.07793 -1.35895 
48.19809 0.00049 0.07793 -1.35895 
48.19809 0.00049 0.07793 -1.35895 
48.19809 0.00049 0.07793 -1.35895 

