0.74510 -0.33235 -1.09745 13.35764 
-0.28609 -1.26119 -1.07507 15.74633 
-0.59759 -0.34460 -2.00014 20.84420 
0.21320 0.14576 -1.32648 21.20162 
0.21320 0.14576 -1.32648 21.20162 
1.15643 2.94422 -2.91804 31.44620 
2.65248 3.35476 -3.66808 34.18993 
0.27637 5.87631 -4.17519 46.84585 
0.38337 6.88243 -3.98352 47.39030 
1.84947 6.73643 -2.57669 40.49585 
-1.29497 2.70499 -5.40413 60.47035 
-1.20363 4.94348 -6.26141 78.57441 
-4.46864 5.11684 -6.39764 63.36181 
-4.43053 3.44773 -4.84202 57.29059 
0.00960 3.87695 -6.23606 70.50526 
4.34119 3.99966 -6.85472 83.72946 
4.34119 3.99966 -6.85472 83.72946 
2.76402 3.23551 -8.49764 86.77699 
2.76402 3.23551 -8.49764 86.77699 
1.46636 4.80800 -9.13327 106.30115 
2.28542 9.20967 -9.95374 111.17028 
2.28542 9.20967 -9.95374 111.17028 
2.28542 9.20967 -9.95374 111.17028 
2.28542 9.20967 -9.95374 111.17028 
2.28542 9.20967 -9.95374 111.17028 

19.84853 0.20093 3.82345 -30.20975 
21.23531 -1.92152 4.21581 -25.35282 
21.18605 1.17733 4.09491 -29.41869 
21.18605 1.17733 4.09491 -29.41869 
21.18605 1.17733 4.09491 -29.41869 
19.67222 -0.19669 3.91712 -22.97245 
19.62299 -1.17911 1.18000 -18.71994 
18.71307 -1.81249 2.37349 -15.59516 
19.30295 1.37393 2.12169 -16.69059 
19.30295 1.37393 2.12169 -16.69059 
21.73362 -5.71991 -1.06783 8.02119 
18.55764 0.96803 -1.95821 5.50443 
20.73995 0.35824 -1.90701 4.80238 
20.04474 -0.24002 -1.39480 2.32869 
19.35088 -1.52997 -0.72771 0.46660 
18.26124 -5.76256 -5.51403 22.65085 
18.25787 -5.65045 -7.28001 29.33039 
20.23326 -3.98081 -2.91049 13.79840 
20.23326 -3.98081 -2.91049 13.79840 
20.48964 -3.80390 -3.45622 15.44011 
18.29782 5.46374 -7.85948 47.96204 
18.29782 5.46374 -7.85948 47.96204 
18.99761 6.34871 -5.41070 38.98540 
17.81251 6.42931 -7.80863 41.33849 
18.13950 5.67141 -6.97596 47.86298 

-0.31202 3.59147 -1.64495 -0.50788 
0.82203 2.78285 -0.58815 -2.11484 
-0.31677 2.25713 -1.01708 -1.13985 
-1.86374 3.07176 -0.84988 0.85444 
-2.00131 3.35260 -0.47855 0.67451 
-1.16169 8.40789 -2.09932 9.44674 
0.85040 10.70791 -1.82229 19.61586 
-1.61255 12.53188 -3.51056 24.95524 
-1.37066 4.03111 -3.76441 29.95426 
-1.96064 4.00547 -4.49389 30.70766 
1.24960 9.12328 -3.75248 23.98557 
-0.06675 6.94488 -3.13429 23.98380 
1.65874 5.93766 -3.12923 20.68923 
1.21009 6.82460 -4.48511 30.75198 
0.79658 7.67438 -4.12234 28.19397 
0.07287 9.18863 -6.18486 38.76106 
-0.01090 0.19378 -7.54716 51.45894 
0.35816 -1.19319 -6.02902 44.52766 
0.35816 -1.19319 -6.02902 44.52766 
0.26809 -0.51302 -6.17789 42.82587 
-0.28017 18.61579 -13.62885 97.45794 
0.22992 22.10161 -9.39106 77.82259 
0.22992 22.10161 -9.39106 77.82259 
0.22992 22.10161 -9.39106 77.82259 
-0.18659 20.96933 -11.09452 83.00863 

-0.75795 -1.43481 -1.22016 4.49485 
0.58347 0.00039 -0.72725 1.63060 
0.53494 1.37264 -0.77048 5.75081 
-0.94284 0.71342 -1.96481 10.77016 
-1.72865 1.56448 -2.81344 10.29918 
-1.11739 4.25390 -0.58690 5.35029 
-0.84472 6.39970 -2.18713 10.18411 
-9.46250 23.14343 -3.77838 17.37998 
-8.80899 23.76714 -2.53857 22.50549 
-8.48576 24.14813 -3.01296 17.14003 
-0.67874 14.40754 -6.96560 41.82203 
-0.72595 13.46873 -6.85040 51.33802 
-0.35719 13.87515 -7.36274 48.29090 
-1.09693 12.94276 -6.59081 48.28555 
-1.05691 10.14969 -5.95226 36.56985 
-0.64394 -0.25694 -8.75357 61.30448 
-0.64394 -0.25694 -8.75357 61.30448 
-0.64394 -0.25694 -8.75357 61.30448 
-0.64394 -0.25694 -8.75357 61.30448 
-0.27536 -0.33096 -8.39551 50.71272 
-1.34517 5.40918 -10.52504 81.81721 
-1.34517 5.40918 -10.52504 81.81721 
-0.23565 7.34996 -11.05175 82.25965 
-0.23565 7.34996 -11.05175 82.25965 
-1.29675 1.23810 -10.25455 73.33238 

-0.00192 3.90536 -0.99958 -10.55979 
-0.89834 -2.36197 -2.57032 6.77209 
-0.99366 -1.40808 -2.07262 5.82832 
-0.70570 -2.41728 -3.04941 4.16805 
0.28429 -2.67505 -1.60448 6.32861 
0.92898 -1.79154 -1.68752 -7.57145 
-0.56353 -10.44252 -3.15118 -7.16428 
1.12139 1.38615 -3.88200 11.06403 
0.77312 -1.64253 -2.34635 4.90113 
1.21089 -0.18561 -3.28658 5.93485 
1.62723 -1.93900 -4.96293 28.06054 
2.40030 -5.62276 -4.33784 21.58594 
2.35954 -0.27360 -5.93080 22.65123 
1.09279 -1.11482 -5.62255 24.86388 
0.21494 -1.16586 -6.92610 30.12484 
-0.51235 -3.74184 -8.85158 59.66100 
-1.17745 6.17136 -8.51083 44.18036 
-1.17079 6.16909 -7.81194 43.47332 
-1.17079 6.16909 -7.81194 43.47332 
0.46297 -5.67994 -9.22359 53.07908 
-1.41847 -4.47997 -12.79462 74.04558 
-1.25537 1.02539 -13.98252 84.99045 
-1.25537 1.02539 -13.98252 84.99045 
-1.25537 1.02539 -13.98252 84.99045 
-1.25537 1.02539 -13.98252 84.99045 

