98917.094838 2.460671 0.753783 0.242091 0.703979
96301.451364 3.150257 0.816817 0.177177 0.712885
99579.801034 3.039700 0.824047 0.170088 0.696576
92852.685880 2.780862 0.738636 0.255682 0.753223
100386.135645 2.696366 0.795422 0.201717 0.708388
94025.823270 2.570289 0.760522 0.233672 0.742937
98120.533197 2.969553 0.802963 0.185185 0.715692
97037.464728 3.141581 0.748966 0.246897 0.713312
94657.501898 3.404125 0.731302 0.267313 0.742542
102289.662880 3.410683 0.776243 0.219613 0.705890
95320.433697 2.784058 0.721467 0.275815 0.732251
92904.824695 3.114162 0.701351 0.293243 0.752857
91781.775152 2.892226 0.660668 0.336761 0.754840
95871.229217 3.072034 0.699468 0.297872 0.743686
88646.571133 3.432820 0.735166 0.261939 0.744782
101968.113560 3.293894 0.718310 0.276569 0.695405

98303.613962 3.273724 0.801170 0.197368 0.720495
94408.273490 3.269625 0.775687 0.222865 0.730218
98522.118417 2.998516 0.838509 0.159938 0.730993
99577.082637 2.996194 0.782486 0.216102 0.707525
95067.994046 2.540857 0.767004 0.232996 0.732695
98079.506294 2.820713 0.762102 0.229599 0.716495
99933.849097 2.696886 0.778700 0.218534 0.698171
96876.707174 3.146945 0.760900 0.234880 0.725882
96470.375779 3.012702 0.734072 0.261773 0.744412
98957.435600 2.957979 0.746556 0.243802 0.723975
95270.233386 3.033874 0.746479 0.250704 0.746883
92306.377865 2.597544 0.775811 0.219764 0.737045
95911.261009 3.386410 0.721704 0.272969 0.730726
96208.824701 3.221403 0.700876 0.292866 0.694033
95093.337182 3.274732 0.697555 0.299871 0.722527
96635.897855 3.256978 0.765625 0.230114 0.723960

96374.028150 2.447115 0.775811 0.218289 0.738937
89856.424655 2.863696 0.763393 0.235119 0.768258
99556.118749 2.368076 0.774373 0.222841 0.709739
93679.029742 3.215881 0.772346 0.206704 0.693930
98896.609783 2.798272 0.773504 0.223647 0.735227
98411.313826 2.738278 0.790730 0.196629 0.701566
94579.754920 3.534405 0.742818 0.248974 0.731118
101104.950117 3.233595 0.816239 0.183761 0.692451
103183.645082 2.993928 0.754362 0.233557 0.696410
92030.624667 3.266796 0.730659 0.267908 0.766186
98080.244327 2.606521 0.724503 0.272848 0.726985
99008.994198 2.851879 0.814649 0.182362 0.732822
102467.499157 3.284749 0.716475 0.279693 0.709323
109001.303121 3.045902 0.739623 0.256604 0.674244
90778.721988 3.603824 0.666667 0.318954 0.779204
97973.086036 2.931283 0.671117 0.321602 0.718782

93931.065419 2.769031 0.742938 0.251412 0.741051
99352.512535 2.932470 0.772346 0.219274 0.707200
93319.448565 3.007257 0.775000 0.223529 0.746346
90348.840689 3.761055 0.846400 0.152000 0.739305
93684.905882 3.088854 0.720327 0.272851 0.742735
98103.273311 2.571452 0.770445 0.226686 0.731452
92569.051637 3.211896 0.760709 0.237814 0.751960
97317.209091 3.158214 0.755274 0.227848 0.734921
104730.604073 2.865648 0.771117 0.224796 0.704393
91803.976695 2.827231 0.762537 0.233038 0.746633
96947.529596 2.819568 0.698558 0.294889 0.743564
98111.951608 2.926657 0.675985 0.322745 0.738444
90520.676187 2.731378 0.667111 0.328895 0.798727
93081.074986 2.960277 0.683805 0.311054 0.741380
94971.336060 3.445240 0.703252 0.296748 0.743930
103394.368610 3.262536 0.741722 0.252980 0.711047

99083.398144 2.617729 0.786325 0.207977 0.717642
98962.900267 3.117140 0.796562 0.190544 0.701634
90105.563165 3.280433 0.800613 0.196319 0.749458
93593.270663 3.006786 0.771429 0.224060 0.760898
98447.700716 3.116932 0.790665 0.205092 0.719519
98995.622092 2.998042 0.758865 0.238298 0.741578
93312.189129 3.137745 0.743412 0.252427 0.730868
98319.681129 3.006197 0.760000 0.235714 0.737663
98990.025128 2.339809 0.821997 0.178003 0.704250
100339.992291 2.525990 0.816964 0.175595 0.729410
95310.885922 2.897366 0.732700 0.256445 0.724361
99369.740093 2.916849 0.739972 0.257261 0.736278
95050.943133 3.057114 0.713521 0.282463 0.739772
101542.879844 3.870061 0.810512 0.186722 0.683492
95440.296395 2.948530 0.673602 0.321196 0.758266
95663.290914 3.355816 0.684010 0.308376 0.719406

