94192.210023 2.859530 0.765396 0.230205 0.736928
91219.718243 3.103083 0.785498 0.212991 0.748472
93042.713238 2.791916 0.801223 0.195719 0.729897
93099.992709 3.270675 0.831547 0.165391 0.719533
92770.564419 3.595435 0.805947 0.190923 0.753499
92437.534699 3.069158 0.807988 0.192012 0.737253
93271.865743 3.080267 0.848000 0.150400 0.726886
95417.503446 2.940989 0.832558 0.164341 0.735700
99595.984625 2.556722 0.790531 0.205165 0.713523
96211.442449 3.068912 0.783186 0.207965 0.739764

94502.043091 2.805505 0.784431 0.208084 0.752222
92841.472595 3.113370 0.810976 0.184451 0.736622
93268.775415 2.834911 0.780882 0.213235 0.729477
100063.823288 3.025994 0.806548 0.191964 0.726962
95366.584747 3.283593 0.834081 0.153961 0.697281
89959.840515 2.556861 0.809826 0.187005 0.759170
88761.880496 3.337751 0.794913 0.200318 0.764803
91760.579991 3.034910 0.765672 0.231343 0.751289
100615.212531 3.477377 0.824666 0.173848 0.709872
89198.484229 3.330037 0.804954 0.190402 0.743112

96405.233531 2.903236 0.772464 0.223188 0.739347
99501.641530 3.171365 0.825513 0.170088 0.692844
96714.389991 3.242029 0.817518 0.178102 0.695918
88854.017388 3.177300 0.776758 0.218654 0.776683
95427.846686 3.017248 0.785503 0.211538 0.734057
93565.810311 3.367666 0.795827 0.196721 0.735710
96522.960351 2.563928 0.848998 0.147920 0.700814
94608.786971 3.083717 0.800898 0.193114 0.741222
97307.923169 2.661259 0.777457 0.209538 0.732455
96167.565573 2.823618 0.765292 0.231863 0.737869

99315.126525 3.442058 0.823444 0.172214 0.700438
94703.686463 3.554082 0.821006 0.174556 0.697016
89128.867242 3.608818 0.734012 0.264535 0.772761
93838.964728 2.412148 0.798780 0.198171 0.754335
103188.746700 2.340447 0.794655 0.203938 0.699018
94847.049701 3.466761 0.768559 0.222707 0.761559
91770.643760 3.038496 0.823256 0.172093 0.748290
94073.264457 3.594630 0.782353 0.210294 0.748944
95179.659055 2.877489 0.809524 0.184332 0.755545
94021.044856 2.759768 0.780924 0.217586 0.761586

100230.537653 2.820211 0.811404 0.184211 0.705237
90360.710096 2.961325 0.758673 0.236802 0.783700
101000.012609 2.861490 0.812772 0.187228 0.707743
81883.745843 3.312170 0.771293 0.227129 0.739600
91112.912177 3.360024 0.784024 0.214497 0.742074
98655.867734 2.955416 0.795094 0.200577 0.718792
85094.658374 3.303811 0.798061 0.189015 0.777033
100240.661698 2.816694 0.830409 0.163743 0.702138
97051.506825 2.275604 0.767407 0.229630 0.767808
94297.274770 3.048525 0.759019 0.235209 0.742115

