125107.579988 1.909412 0.886559 0.085796 
124148.396902 1.823471 0.916832 0.067327 
137116.784194 1.848662 0.878007 0.096220 
144259.650919 2.448519 0.919313 0.054936 
129720.706603 2.114973 0.901212 0.058714 
146846.183414 1.930103 0.875502 0.096386 
136080.954039 2.174663 0.851385 0.133501 
128622.061883 2.078641 0.870118 0.076294 
126321.432105 2.212323 0.867525 0.110396 
126029.489860 2.555759 0.937438 0.040715 
135995.547717 2.252514 0.854008 0.106329 
142812.042242 2.033343 0.859109 0.110931 
120336.207056 1.965086 0.850095 0.109108 
126949.840610 2.727646 0.845740 0.118386 
150789.740786 2.254760 0.865533 0.104328 
149800.898614 2.354314 0.840121 0.119155 
128573.808387 1.960617 0.862940 0.119026 
114329.902910 2.892472 0.827053 0.133333 
121181.979054 2.405673 0.853774 0.116981 
132474.037498 2.785116 0.787540 0.172524 
127303.997697 2.883741 0.824500 0.143354 
124971.862111 3.054480 0.793691 0.156010 
123355.629222 3.031983 0.803836 0.179599 
115049.888463 2.555692 0.796657 0.135562 
117313.931282 3.068839 0.773451 0.207965 

126187.451519 2.501938 0.855993 0.114490 
110463.039762 2.510962 0.856122 0.110204 
141438.902301 2.317148 0.888245 0.076987 
141709.549240 2.214528 0.808591 0.146948 
113411.621957 2.908141 0.815341 0.144886 
116824.204836 2.783083 0.833962 0.148113 
121645.198412 2.643937 0.831087 0.140162 
131106.245495 2.473583 0.815334 0.152514 
125686.583462 3.206830 0.791840 0.175687 
126990.836385 2.446649 0.817094 0.136752 
118680.246951 2.598552 0.767322 0.180496 
128652.020474 2.650791 0.806081 0.171734 
112916.289023 3.596321 0.777475 0.175295 
124299.146002 2.551310 0.765940 0.192090 
114026.536658 2.746089 0.810280 0.150467 
113861.504066 2.609451 0.743127 0.180412 
97630.693571 3.303621 0.740299 0.209950 
112665.768013 2.609623 0.763345 0.186833 
112631.482996 3.037817 0.725970 0.236088 
115768.365650 3.081491 0.695306 0.262530 
117745.498555 2.680910 0.748950 0.202351 
119525.229938 3.128668 0.688686 0.252088 
102257.104253 3.965240 0.710789 0.230281 
99050.262326 3.679013 0.711195 0.243650 
112043.531911 3.248662 0.707884 0.243983 

121452.371303 2.509003 0.781773 0.173913 
113048.651100 3.092879 0.791630 0.193232 
109190.676549 2.835462 0.747116 0.204082 
108843.776825 2.990278 0.815562 0.154659 
112307.155839 2.777740 0.781250 0.177679 
110978.691876 2.991368 0.772163 0.184397 
116072.537762 2.644175 0.779425 0.186574 
100685.115347 3.168326 0.741021 0.211720 
105584.541443 2.882428 0.784015 0.191246 
114870.136878 2.920771 0.761864 0.187288 
98313.675423 3.288467 0.688007 0.255185 
104014.298955 3.423469 0.695952 0.261843 
113318.930669 3.279434 0.736931 0.211636 
103905.721112 2.797971 0.752311 0.215342 
119348.177206 3.061360 0.746959 0.236821 
107493.552867 3.419710 0.674777 0.280616 
106469.112555 3.049734 0.674857 0.283374 
110816.820560 3.428642 0.658238 0.278927 
110088.958247 3.199348 0.669538 0.291308 
99811.908887 3.128967 0.651124 0.308077 
107737.230542 3.236391 0.617886 0.331116 
102844.279551 3.566342 0.617716 0.314685 
98843.601928 4.000741 0.626623 0.316558 
97360.972191 3.880039 0.597954 0.332022 
117924.682226 2.670408 0.646011 0.296296 

103266.548890 2.903596 0.763281 0.201305 
114021.980522 2.890669 0.752743 0.200844 
102790.496183 3.245632 0.714286 0.255916 
98110.070607 3.308557 0.722015 0.227612 
105997.146173 2.963845 0.763914 0.178636 
116621.171164 2.889522 0.726914 0.223362 
102151.603090 3.243199 0.700767 0.236999 
101296.921522 3.298314 0.711909 0.237303 
113134.391992 2.961413 0.743611 0.221764 
95779.356331 3.338387 0.738140 0.222960 
102705.667775 2.929268 0.704506 0.268631 
108642.689330 3.296378 0.690343 0.272147 
98434.235843 3.234126 0.679245 0.290738 
99067.251688 3.800178 0.691424 0.309461 
107910.992949 3.140571 0.701939 0.251212 
103148.516866 3.336706 0.656051 0.295382 
98503.592010 3.576634 0.637611 0.311542 
100087.355071 3.665016 0.622685 0.320216 
99360.265140 3.700320 0.600778 0.366537 
98590.547002 3.564275 0.634769 0.311005 
94381.130880 3.520475 0.601443 0.341620 
92319.771064 3.700034 0.612583 0.341887 
96096.817913 3.829360 0.537429 0.439972 
103516.545260 3.398541 0.571329 0.398601 
98726.676218 3.280414 0.639024 0.334959 

99851.727821 3.209898 0.720106 0.267493 
99297.086639 3.156970 0.714032 0.250444 
92626.658309 3.093910 0.675313 0.269231 
92631.400258 3.714967 0.721960 0.234684 
107415.434420 3.045048 0.692369 0.256225 
90924.911601 3.848096 0.686293 0.271389 
94855.632913 3.597064 0.701077 0.269300 
102203.442711 3.213436 0.698082 0.264387 
101743.099829 3.307671 0.735783 0.219598 
105787.787399 3.012059 0.673259 0.284019 
89356.969581 3.547036 0.611928 0.344771 
100063.152029 3.332104 0.666941 0.295136 
99558.875212 3.251451 0.638932 0.303768 
100833.702169 3.305684 0.685477 0.255602 
97894.336060 3.560276 0.635036 0.330900 
91768.351570 4.187021 0.636589 0.312914 
92501.566513 3.563953 0.620112 0.316840 
98965.563838 3.365629 0.584091 0.394697 
97561.887514 3.935704 0.580182 0.351740 
94195.395445 3.602708 0.568569 0.368421 
88234.885236 4.334684 0.560122 0.371385 
90930.217542 4.216168 0.567243 0.394440 
79941.305476 4.698103 0.522815 0.435422 
83782.825207 4.627977 0.545804 0.379523 
85062.933931 4.057248 0.530075 0.418797 

