134752.948244 2.033866 0.900180 0.077338 
130130.023039 1.985184 0.901578 0.065924 
122768.445252 1.987082 0.899217 0.077299 
162437.234967 2.161531 0.889381 0.078171 
134860.653267 1.870398 0.875327 0.091543 
139787.743033 1.734141 0.907666 0.069686 
132866.740347 2.339850 0.924651 0.053023 
122260.747861 2.068637 0.927052 0.043566 
128159.672402 2.046001 0.907021 0.060721 
151203.263171 1.764655 0.915447 0.065854 
132233.473238 1.585805 0.904762 0.069597 
135023.423176 1.994756 0.927978 0.048015 
158497.797815 1.772392 0.880988 0.086078 
132824.630781 2.189574 0.905678 0.073260 
144533.026244 1.753170 0.923801 0.052226 
147779.844237 2.058952 0.876396 0.094099 
127815.022073 2.141036 0.905714 0.067619 
131139.398563 1.811142 0.910781 0.054833 
134241.448352 2.314859 0.862576 0.105445 
131347.678178 2.020735 0.888486 0.075249 
123735.264848 2.296491 0.919802 0.050495 
129627.463627 2.153143 0.902894 0.069094 
148182.953812 1.942802 0.895377 0.082725 
133402.398777 1.901679 0.895683 0.076439 
129866.145013 1.856679 0.879091 0.090909 

116139.400965 2.453931 0.824742 0.142455 
127052.419039 2.151616 0.873866 0.111615 
138776.236382 2.151905 0.838400 0.122400 
137331.506275 2.474261 0.845714 0.124082 
104330.268765 2.894460 0.818744 0.133883 
120613.080242 2.684866 0.795990 0.163034 
117206.204873 2.658351 0.819444 0.130556 
114848.239329 2.327712 0.867195 0.105055 
131494.179743 2.329686 0.822222 0.135802 
117085.775553 3.047373 0.831933 0.139122 
130228.298760 2.295452 0.824708 0.135225 
114604.050284 2.454866 0.868787 0.109344 
117988.990762 2.496372 0.854823 0.116523 
122668.195020 2.770210 0.840435 0.132366 
119418.627848 2.483036 0.834407 0.136155 
119908.907955 2.632863 0.852336 0.113084 
118413.464501 1.952297 0.848628 0.105960 
118329.106831 2.471040 0.803030 0.157754 
121219.762681 2.041567 0.823792 0.146691 
121802.296543 2.266671 0.841575 0.127289 
136867.538383 2.722361 0.837510 0.136621 
121482.717562 2.724979 0.851064 0.130435 
115702.968415 2.750382 0.849237 0.118321 
112623.979348 2.965931 0.849901 0.133201 
121236.415896 2.457887 0.826906 0.147982 

132088.293067 2.654481 0.788941 0.172118 
113967.603896 2.602528 0.840952 0.145714 
105035.367040 2.994132 0.800195 0.164717 
120961.796947 2.460163 0.789022 0.170669 
115908.812794 2.815627 0.796460 0.165487 
123847.181910 2.791312 0.833479 0.149956 
107380.172296 2.740683 0.810078 0.152132 
122727.778004 2.442413 0.815903 0.149525 
110088.290634 3.132263 0.788214 0.172192 
109416.365766 2.957232 0.787037 0.172222 
108994.306463 2.938797 0.793427 0.169953 
111277.526098 3.193217 0.833977 0.134170 
113153.513021 2.819767 0.787906 0.171480 
120576.788323 2.607684 0.815652 0.148696 
115845.213079 2.964886 0.775952 0.196367 
120707.735788 2.968741 0.802057 0.159383 
133858.754153 2.641529 0.805164 0.149452 
118265.493684 3.048932 0.803336 0.158033 
114980.590359 2.515721 0.794849 0.161634 
125348.709295 2.724105 0.810000 0.171667 
117509.244302 2.830332 0.799477 0.149085 
124586.683786 2.564780 0.781301 0.191057 
110136.939855 2.674278 0.810964 0.166352 
128306.165945 2.633388 0.776638 0.175217 
114653.580904 2.519215 0.806510 0.184448 

107984.076957 2.804720 0.755773 0.210480 
106651.374462 3.031593 0.768677 0.186319 
97536.187784 3.206355 0.788247 0.161094 
103434.895799 3.203249 0.781544 0.174200 
101755.227733 3.277851 0.800000 0.161951 
98954.819981 3.338920 0.773821 0.193455 
94760.874401 3.392771 0.734951 0.212621 
104910.515330 2.896176 0.791627 0.172217 
102188.914381 3.041855 0.759363 0.210674 
102224.415720 3.137121 0.789168 0.175048 
102667.964151 3.296337 0.756983 0.203911 
115851.077602 2.857640 0.743883 0.205546 
102536.356196 3.262992 0.770158 0.202039 
108932.178345 3.003744 0.751510 0.220017 
108677.535993 3.004731 0.754401 0.192782 
105880.325213 3.351743 0.744248 0.226549 
110574.604624 2.538984 0.745234 0.233102 
103329.175103 3.020345 0.744954 0.215596 
108323.749187 2.602217 0.741001 0.245830 
119163.836020 2.638733 0.746197 0.214572 
122111.994629 2.631859 0.744150 0.216849 
111500.297488 3.033373 0.779736 0.188546 
120335.238264 2.511977 0.762768 0.195222 
105317.737995 2.963148 0.795627 0.177757 
113350.627758 3.044438 0.768503 0.189329 

97313.897653 3.035857 0.752336 0.195327 
107692.099045 3.227555 0.724456 0.239531 
96518.240504 3.302574 0.708962 0.258208 
106701.031842 3.520325 0.710356 0.250000 
95989.422365 3.137869 0.713889 0.250000 
107584.122989 3.287977 0.738528 0.235498 
96838.671604 3.070674 0.718207 0.233303 
103908.122531 2.439675 0.684519 0.280335 
104020.617924 3.847976 0.795392 0.173272 
103317.429719 3.005791 0.717447 0.238298 
94442.132163 2.909809 0.737296 0.235858 
100715.740689 3.116574 0.723535 0.232721 
95820.575008 3.411512 0.715588 0.228806 
109157.659544 3.306443 0.756388 0.196763 
101889.346400 3.780776 0.750890 0.210854 
104864.365910 2.895233 0.731409 0.220472 
95005.948791 3.256775 0.708861 0.239602 
99071.527271 3.166330 0.720785 0.232828 
92126.296888 3.365716 0.719133 0.254477 
108293.923748 3.275598 0.770235 0.190601 
95616.294438 3.373103 0.730084 0.237113 
117458.010759 3.067570 0.773829 0.186591 
93643.488992 3.514807 0.724432 0.220644 
103407.043653 3.362054 0.733857 0.219895 
97881.523193 3.294337 0.732601 0.222527 

