126661.628454 3.110199 0.768764 0.177407 
124005.285785 2.621961 0.764752 0.187254 
114174.565763 3.104637 0.725141 0.222312 
107382.303547 2.544654 0.741763 0.219947 
90454.581216 3.576121 0.724926 0.233366 
108362.303829 3.555640 0.727586 0.241379 
109502.780580 2.959638 0.737607 0.230769 
110588.922697 3.000023 0.713706 0.228710 
112657.966270 3.194135 0.726749 0.232922 
101833.735875 3.082340 0.719141 0.226297 
103896.666688 3.712370 0.692181 0.255144 
110024.479726 3.521562 0.700800 0.259200 
104554.971920 3.406591 0.671521 0.262945 
106871.680467 3.659532 0.666667 0.291862 
108952.194359 4.035277 0.684585 0.264032 
100588.753873 3.254787 0.619599 0.334105 
103729.124000 3.363401 0.649647 0.296936 
105589.478205 3.344670 0.638868 0.322877 
96250.892224 3.880529 0.591945 0.356383 
90560.254205 4.592706 0.600823 0.340741 
99797.267741 4.374370 0.573180 0.369142 
96553.088487 4.656382 0.603065 0.363218 
93908.068970 4.363358 0.553506 0.383764 
118678.999043 3.435286 0.652295 0.305285 
95618.550902 3.782276 0.564291 0.379133 

106452.282447 3.265931 0.725709 0.233018 
112230.133306 2.685505 0.723937 0.234362 
116856.475570 2.689778 0.751623 0.189935 
103378.034161 3.127542 0.743243 0.201802 
101002.013732 3.313255 0.759553 0.197577 
114672.839793 3.062075 0.739306 0.210654 
103869.849421 3.224543 0.732444 0.221333 
103620.243995 3.554472 0.720035 0.234471 
104634.698330 3.494896 0.752022 0.208446 
99167.329130 3.410587 0.661864 0.273729 
101154.581695 3.153941 0.650493 0.320724 
108451.181645 3.307637 0.702946 0.261866 
100530.339760 3.451379 0.664167 0.295000 
116683.445788 3.375321 0.702765 0.251152 
114117.789692 3.700079 0.700000 0.250769 
100903.676195 3.582191 0.631122 0.324645 
99341.766715 3.916647 0.634692 0.306155 
102530.520816 3.315467 0.642289 0.303657 
110502.623282 3.208330 0.634253 0.297533 
98612.858090 3.929187 0.620609 0.309914 
97471.102922 3.996857 0.550978 0.411313 
93559.388546 3.614143 0.598575 0.356295 
94785.998390 3.703202 0.590446 0.358653 
93838.589533 3.867492 0.616830 0.346405 
106913.495181 3.570155 0.600429 0.326662 

92723.689786 3.278906 0.768912 0.191710 
119836.605787 2.507907 0.727559 0.229921 
103462.453571 3.011967 0.751852 0.234259 
96142.108573 3.378927 0.740705 0.215443 
102355.290642 3.489806 0.744585 0.198556 
104612.959166 2.940071 0.719237 0.256499 
108098.776399 3.196510 0.709571 0.256601 
111528.894030 3.099634 0.745833 0.203333 
111507.945382 3.053123 0.738017 0.199174 
104300.364869 3.283930 0.733096 0.217082 
101881.597308 3.342692 0.726549 0.251327 
104545.322432 3.399641 0.662894 0.314470 
97706.169848 3.530163 0.705830 0.248430 
94332.991120 3.746278 0.676991 0.276106 
97261.860488 3.510363 0.649623 0.284996 
94804.853741 3.570589 0.609005 0.326224 
108753.289939 3.423680 0.635409 0.327832 
108226.275697 2.987372 0.639912 0.323270 
102944.625633 3.558673 0.647656 0.297656 
109140.427936 3.311088 0.616389 0.343727 
95444.373916 3.899250 0.591331 0.357585 
93634.846361 4.134510 0.551263 0.401932 
89134.815996 4.220302 0.561526 0.395639 
89223.800810 4.794121 0.552995 0.417051 
91810.768087 4.228440 0.540162 0.401621 

95216.378920 3.235494 0.793568 0.182573 
107505.780816 2.926754 0.748065 0.211522 
112304.145742 2.600322 0.749785 0.215821 
104172.115356 2.878052 0.726556 0.238387 
98686.901888 3.200408 0.741604 0.227612 
113573.007525 2.673050 0.731549 0.229521 
109681.540854 3.122365 0.738946 0.220238 
100128.053774 3.323837 0.711111 0.245333 
103513.480117 3.044257 0.715152 0.245887 
113815.876872 3.004638 0.704815 0.243883 
107259.964191 2.994859 0.700579 0.258892 
97344.454538 3.715340 0.663551 0.288870 
106386.293490 3.237669 0.717300 0.252321 
92774.917943 3.649674 0.678891 0.276386 
97639.264106 3.245311 0.667526 0.278351 
96219.062668 3.333798 0.613854 0.342357 
93418.480875 3.874950 0.607636 0.333063 
102930.054570 3.561008 0.689685 0.283887 
97953.829611 3.874790 0.646531 0.312653 
102951.223985 3.694355 0.625286 0.293222 
86248.118995 4.357796 0.593537 0.337585 
100212.178753 3.839422 0.616588 0.351330 
95464.970811 3.484502 0.571001 0.408072 
91573.873105 4.252470 0.580595 0.335681 
88133.128298 3.663046 0.545872 0.411315 

104566.933493 3.065359 0.786854 0.189671 
115036.024967 2.829207 0.740016 0.221679 
98855.992080 2.838473 0.737846 0.223070 
106764.582718 3.007220 0.728448 0.219828 
97450.632956 3.490779 0.727872 0.215631 
105670.038090 3.266688 0.729965 0.226481 
114767.778478 2.845796 0.693313 0.263643 
113651.272128 3.002031 0.709677 0.222659 
106095.333136 3.284192 0.713805 0.243266 
95389.020576 3.349018 0.717472 0.246283 
101057.307990 3.431066 0.716444 0.253333 
100365.259424 3.290147 0.678663 0.270780 
109645.967252 2.826653 0.669718 0.267735 
99827.506853 3.286915 0.660789 0.275399 
86663.583731 4.121800 0.633394 0.278584 
97560.654559 3.866770 0.616233 0.324665 
88184.180216 3.818262 0.625112 0.323767 
89231.320272 3.380478 0.651249 0.331175 
87289.457163 3.625812 0.614835 0.345845 
102912.142824 3.742383 0.596439 0.363501 
98134.914951 3.566634 0.643914 0.321546 
90797.743310 3.582309 0.582999 0.378508 
100705.078421 3.483629 0.579176 0.375271 
83963.372215 3.587559 0.548971 0.411523 
95310.715256 4.335956 0.582443 0.374809 

