112051.417736 3.011075 0.735880 0.216777 
115723.566371 2.900975 0.746753 0.209416 
106794.708982 2.859486 0.752440 0.222715 
123429.920240 2.956211 0.784903 0.176136 
109619.879982 2.891618 0.747878 0.204584 
111450.511246 2.911733 0.754553 0.202949 
103814.120886 3.076439 0.751581 0.199639 
117247.198545 2.762409 0.756911 0.209756 
114310.812469 3.157608 0.762226 0.208263 
107790.920227 2.902915 0.737073 0.220859 
104958.496432 3.039305 0.771140 0.185662 
132831.245042 3.088652 0.766176 0.185294 
115996.910654 3.020824 0.738989 0.221044 
111343.326462 3.033283 0.737374 0.219697 
116244.612116 3.365049 0.777589 0.181664 
117862.302735 3.144588 0.753447 0.212490 
105508.948202 3.111936 0.753363 0.209865 
118921.325459 3.147449 0.747604 0.216454 
115916.821738 3.209516 0.751867 0.227386 
102949.965598 3.084481 0.751616 0.205910 
113012.561234 2.994297 0.772844 0.175918 
103539.805576 3.209225 0.796332 0.176641 
107188.294502 3.332987 0.760576 0.207921 
94985.669717 3.784517 0.782199 0.221990 
103150.872853 3.327093 0.764428 0.204352 

102412.019958 3.479606 0.779171 0.202507 
111509.442608 3.311130 0.781961 0.179510 
107813.138361 2.884774 0.775068 0.177055 
103268.762637 3.136386 0.761054 0.190028 
108321.539861 3.582991 0.780598 0.188577 
107115.472259 2.842659 0.768595 0.221304 
104986.323313 3.063742 0.759392 0.179785 
116294.015979 3.099985 0.756979 0.187192 
102300.446267 3.015196 0.740307 0.213706 
101876.543964 2.907292 0.754206 0.200935 
111706.157689 3.114306 0.781112 0.188879 
109468.942549 2.951030 0.720168 0.233613 
109436.847069 2.976456 0.771053 0.187719 
104326.166209 3.773601 0.749101 0.222122 
97340.801789 3.095048 0.760784 0.204902 
107055.675283 2.838151 0.776173 0.187726 
108198.954222 3.152244 0.751304 0.202609 
111104.438419 2.840765 0.787933 0.163265 
101965.437323 3.058354 0.798434 0.191781 
99868.662126 3.584489 0.777454 0.185617 
108787.168147 3.028442 0.743080 0.211938 
105307.999072 3.254400 0.784572 0.176858 
101570.508909 3.742958 0.785782 0.171564 
104481.169595 3.150736 0.768739 0.194698 
109492.876631 3.107854 0.744406 0.211704 

108788.189570 2.986402 0.760035 0.198953 
108351.595256 2.814702 0.746295 0.211857 
119723.776193 2.561019 0.740978 0.218123 
115184.800919 2.758664 0.793074 0.179221 
116117.326953 2.734476 0.751014 0.201946 
107400.118419 2.664482 0.731814 0.251534 
111573.639925 3.264645 0.756618 0.207515 
107187.024542 2.619929 0.748663 0.226381 
107808.480423 2.647107 0.732759 0.214655 
122299.419109 2.744124 0.775641 0.179487 
100984.158185 2.965891 0.756374 0.209632 
102571.636215 3.026373 0.736274 0.244824 
106734.247194 2.787739 0.740157 0.234471 
104888.736194 3.229872 0.774194 0.199078 
102864.522930 3.045961 0.734361 0.223028 
111277.654227 2.768610 0.793011 0.181004 
101215.683037 3.127910 0.775930 0.198630 
99971.379489 3.160201 0.745794 0.213084 
106690.792133 3.170424 0.768336 0.190519 
100041.680071 2.921523 0.758095 0.222857 
125123.235384 2.713012 0.775591 0.185039 
102523.017094 2.862231 0.754253 0.208885 
113748.725586 2.789502 0.746667 0.208333 
102632.314044 3.168983 0.773157 0.188091 
105206.230717 2.833572 0.736475 0.226876 

112491.206746 3.072530 0.783641 0.175022 
110849.489777 3.092614 0.779152 0.184629 
114708.593740 2.741374 0.752525 0.222222 
110436.526882 2.296765 0.776867 0.228597 
123964.289126 2.679357 0.740712 0.229102 
112230.885447 2.829185 0.788308 0.182462 
105806.372545 3.179647 0.724650 0.233392 
111352.729794 3.037521 0.787234 0.181738 
109007.163600 3.075321 0.777578 0.194619 
116413.794796 2.805006 0.767078 0.195062 
113156.311962 2.803853 0.790252 0.175805 
98585.676938 3.491466 0.737336 0.230769 
100726.516190 2.992842 0.736162 0.223247 
120822.054468 2.952214 0.751592 0.210987 
109063.397058 2.724815 0.758741 0.199301 
106831.381123 3.167450 0.761141 0.195187 
123558.364265 2.762756 0.764196 0.190852 
108746.461409 2.863168 0.762622 0.188663 
118392.069667 3.066614 0.823478 0.160000 
104100.687842 2.709426 0.767420 0.210923 
116026.356942 2.767476 0.768650 0.181894 
101221.850890 3.326223 0.753283 0.215760 
102575.407180 2.883638 0.742964 0.226079 
111316.479281 2.864149 0.765009 0.186106 
111398.220879 2.643230 0.766347 0.201395 

109855.322145 2.796588 0.748252 0.206294 
105954.640386 3.036282 0.747321 0.212500 
114079.028601 2.789112 0.734761 0.215815 
120330.188348 2.789180 0.753785 0.207171 
105462.385895 2.517667 0.731250 0.237500 
108965.054175 2.519673 0.735140 0.221154 
112573.073645 2.702227 0.750212 0.214953 
102457.734342 3.044221 0.776303 0.195261 
106703.103186 3.185946 0.737311 0.209261 
100628.070271 2.890486 0.780135 0.173578 
107187.312362 2.791217 0.775566 0.182805 
98664.261211 3.301683 0.769009 0.195380 
111636.659471 2.694444 0.742666 0.216262 
109474.696574 2.903335 0.765529 0.212598 
95614.973246 3.316029 0.779234 0.172379 
100334.714742 3.177303 0.775746 0.181906 
108003.086188 3.129040 0.747147 0.210711 
119375.671708 2.780236 0.743243 0.220191 
120573.073598 2.562185 0.755906 0.204724 
104682.592633 2.800272 0.779773 0.197543 
102718.542651 3.013145 0.774225 0.186047 
103477.079203 3.223467 0.762340 0.194698 
108122.562348 3.102559 0.750219 0.204207 
97553.785382 3.323577 0.754771 0.196565 
118359.254265 2.769595 0.776305 0.178128 

