101831.653476 2.997736 0.782235 0.183381 
111896.526979 2.704005 0.757240 0.214651 
119692.975906 2.734317 0.760870 0.200483 
111970.582245 2.852733 0.774026 0.204329 
119537.217518 2.796127 0.773179 0.195364 
101611.161758 3.370057 0.815476 0.157738 
106619.511160 3.297409 0.728755 0.229185 
106606.677885 2.997865 0.728682 0.228252 
116257.831558 2.776176 0.749183 0.207516 
100209.465377 3.192276 0.778420 0.184008 
102517.129638 3.108904 0.761152 0.196097 
111142.643281 3.030838 0.768366 0.189283 
105589.259542 2.543461 0.767612 0.194876 
110342.225107 3.000788 0.751291 0.216867 
101211.652392 3.083975 0.735214 0.222020 
111451.965468 2.697083 0.740393 0.216055 
120723.436128 2.705603 0.779051 0.202128 
100454.262335 3.114033 0.771863 0.186312 
98838.710493 3.621944 0.783944 0.183350 
101938.139694 3.387247 0.781250 0.174242 
100564.725130 3.100343 0.754006 0.212064 
104835.933942 2.902949 0.735612 0.220324 
110650.268268 2.979493 0.769096 0.205443 
118281.909677 2.833369 0.755466 0.208907 
111459.218379 2.924990 0.798748 0.153846 

112448.353873 2.589163 0.771552 0.195690 
112540.874241 2.604795 0.744048 0.214286 
119132.808460 2.992615 0.783828 0.165842 
96143.100266 3.030983 0.762425 0.201789 
107654.508587 3.193753 0.755319 0.219858 
120869.091603 2.808528 0.772504 0.187398 
105491.484778 2.697041 0.770221 0.201287 
106750.133098 3.022585 0.758897 0.186833 
108596.131364 2.817641 0.751291 0.208262 
103206.543191 2.892751 0.770169 0.201689 
107683.005239 2.875780 0.767986 0.191547 
106864.223735 3.128987 0.778793 0.172761 
109599.531052 2.773529 0.762324 0.199824 
99989.365456 3.013597 0.765326 0.216475 
111840.855706 2.844066 0.740617 0.211843 
102798.854395 2.845330 0.741644 0.212285 
118666.233379 2.807968 0.742582 0.212510 
100494.969939 2.925456 0.718207 0.240622 
115764.617172 2.723753 0.751645 0.206414 
96559.815673 3.567309 0.801848 0.157084 
98853.792409 3.382065 0.794846 0.164519 
103111.366701 2.952918 0.772342 0.183443 
97319.490178 3.260068 0.733333 0.212207 
105624.078394 3.108458 0.750000 0.204137 
104861.620437 3.069423 0.767808 0.185939 

105120.820782 2.535217 0.765363 0.243017 
107987.662485 2.870594 0.763717 0.204425 
104680.350140 3.159101 0.776037 0.189862 
119945.754608 2.600758 0.738077 0.213448 
107086.529485 3.222816 0.792784 0.154487 
104980.622339 2.855048 0.750450 0.210811 
99314.623124 3.431030 0.764763 0.183930 
110830.976769 2.778193 0.746610 0.222034 
106041.242676 3.354242 0.785253 0.182488 
101996.065979 3.199861 0.745887 0.223035 
108610.240523 2.948629 0.755692 0.217163 
102098.204670 2.867112 0.766512 0.201860 
105022.618386 3.113381 0.770000 0.184545 
115734.940479 2.638685 0.783461 0.184143 
110731.879841 3.036364 0.750424 0.204584 
106870.067921 2.843513 0.769444 0.195370 
96558.778313 3.196069 0.771825 0.199405 
98339.757328 3.437459 0.790514 0.174901 
117205.011427 2.827318 0.745557 0.208401 
112737.015696 3.008997 0.733660 0.216503 
125376.122003 2.472572 0.800000 0.177419 
104857.381880 2.935519 0.774254 0.207090 
109583.584595 2.873035 0.743370 0.223268 
103382.213728 3.018663 0.756957 0.196660 
113804.476442 2.626204 0.761538 0.194017 

102236.634174 2.943094 0.802337 0.166504 
98685.874137 3.176085 0.771374 0.183477 
106544.508098 3.227084 0.782369 0.183655 
101812.758407 3.021455 0.761950 0.214149 
110445.971882 3.046919 0.713350 0.242424 
119928.908359 2.711037 0.732658 0.221356 
109642.154611 2.695670 0.789665 0.178604 
104618.050814 2.891700 0.779453 0.181904 
125379.936516 3.027714 0.768150 0.207650 
108514.548778 3.285407 0.726098 0.233419 
110500.569345 2.761224 0.783036 0.169643 
102531.041723 2.835178 0.738772 0.237397 
115828.321258 2.368146 0.761702 0.211915 
102313.925123 3.145128 0.762570 0.197393 
114790.548058 2.876047 0.767993 0.193057 
110543.535391 2.800641 0.748065 0.208942 
114906.351915 2.924812 0.742175 0.214168 
107530.548480 3.017811 0.741095 0.218940 
102206.059851 3.390062 0.767724 0.183769 
111444.023694 2.829183 0.726307 0.227941 
111978.123794 2.620694 0.767382 0.188841 
102899.107657 2.931484 0.755455 0.211818 
116388.917946 2.738352 0.762343 0.197490 
120460.213634 2.690793 0.753392 0.205906 
104227.978633 3.162338 0.775376 0.199248 

103544.435493 2.851503 0.760849 0.212373 
105556.782208 3.500093 0.725764 0.229694 
102575.009258 3.013416 0.765595 0.203214 
110865.290890 2.778168 0.760736 0.204207 
101508.986658 3.234392 0.750929 0.222119 
103972.193610 2.815837 0.806576 0.163443 
123047.212816 2.912877 0.755469 0.203125 
106885.688916 3.292997 0.779292 0.177112 
107105.325201 2.719085 0.791822 0.184015 
124962.522072 2.554431 0.763137 0.207843 
107175.357913 2.953342 0.742133 0.218531 
104067.262041 2.938602 0.763451 0.190167 
105523.382616 3.196933 0.762466 0.207616 
106660.980940 2.749933 0.753108 0.216696 
103672.038047 2.876219 0.761730 0.195952 
103702.003119 2.927034 0.772856 0.190386 
103302.948275 3.050096 0.790586 0.186359 
109259.577785 3.031607 0.746491 0.215789 
113478.237535 2.653492 0.744224 0.214521 
105757.058922 2.560755 0.739518 0.213202 
106584.984952 2.954310 0.756661 0.205151 
109698.541647 3.388432 0.779767 0.178156 
112095.375973 2.906534 0.770095 0.184097 
107688.232007 2.828249 0.723729 0.225424 
109280.356500 2.871958 0.764915 0.203918 

