109198.671920 2.895753 0.737425 0.222506 
102483.397636 3.252436 0.723986 0.232804 
127740.353056 2.682522 0.741623 0.209233 
97107.941285 3.265217 0.743491 0.209257 
108159.441911 3.148187 0.715711 0.225270 
100314.811191 2.884087 0.745779 0.212946 
107006.890518 2.822432 0.732818 0.234536 
93814.075705 3.706263 0.706481 0.253704 
99255.766184 3.297466 0.732845 0.238792 
100590.611943 3.583048 0.668885 0.274542 
107391.916492 3.213420 0.697712 0.260621 
101371.123170 3.403692 0.669967 0.293729 
98693.833496 3.525253 0.700787 0.247594 
109454.607370 2.970366 0.694847 0.260870 
101381.741843 3.324338 0.676885 0.270091 
98440.934614 3.922562 0.619124 0.329880 
101626.560995 3.341770 0.666114 0.285004 
94106.932320 3.839571 0.615385 0.340891 
103398.662445 3.754086 0.651721 0.313851 
96238.959517 3.673821 0.637562 0.286656 
95765.327924 3.594019 0.608798 0.340141 
91698.115295 3.814872 0.575591 0.369291 
92756.090049 3.885790 0.542238 0.384116 
98999.908785 4.147260 0.554628 0.382046 
86096.358973 4.487108 0.572735 0.380715 

105721.485194 2.995602 0.711806 0.250000 
110264.620759 3.021995 0.759690 0.207580 
117574.165598 2.543906 0.738386 0.221679 
109039.395412 3.486780 0.742979 0.215319 
106771.253424 3.102327 0.728656 0.229924 
111924.303752 3.284446 0.741423 0.215063 
112430.161145 3.146345 0.717949 0.233974 
104580.333795 3.313415 0.702181 0.255034 
104919.976789 3.357146 0.734940 0.230637 
99389.721726 3.095841 0.693678 0.246661 
92556.927419 3.327796 0.670557 0.267504 
111860.560230 2.809351 0.673298 0.290742 
110945.669096 2.908573 0.670229 0.285496 
114441.224625 3.137134 0.701186 0.250593 
98100.168733 3.838843 0.695154 0.272247 
90834.728622 3.659274 0.649867 0.284704 
102768.184346 3.405853 0.659968 0.311897 
102783.920174 3.314200 0.645570 0.304589 
94995.037394 3.754507 0.609873 0.340764 
94349.996812 3.326822 0.631803 0.319728 
90508.800080 3.697639 0.543846 0.426923 
79787.517276 4.260212 0.519904 0.421975 
104123.374763 3.705383 0.587819 0.372521 
98440.843533 3.552287 0.588674 0.342772 
90463.410607 4.242804 0.622658 0.320273 

115553.537775 2.893609 0.758996 0.215900 
104246.018080 3.164631 0.755176 0.201620 
99106.292497 3.538842 0.749762 0.207422 
112170.580413 2.972760 0.729685 0.208955 
99385.229064 3.009954 0.752161 0.227666 
106605.299999 3.193860 0.722933 0.236147 
105000.922017 3.074066 0.724936 0.227935 
104154.453752 2.871998 0.680956 0.271228 
101890.146038 3.391433 0.701906 0.247834 
111649.447665 3.184422 0.729639 0.243493 
93543.831310 3.470306 0.647007 0.315141 
107579.460604 3.109096 0.680478 0.267729 
102097.779168 3.041072 0.731250 0.242857 
101193.860746 3.436508 0.698523 0.245873 
94823.604111 3.452488 0.647668 0.298791 
106479.901609 3.403535 0.663537 0.294992 
101691.902493 3.751786 0.627196 0.333079 
104890.050241 3.336712 0.636156 0.337910 
92089.584044 3.622038 0.626588 0.324301 
100203.458905 3.195970 0.655711 0.285127 
89911.538080 4.055152 0.590361 0.357430 
96023.360571 3.528175 0.605388 0.353407 
90235.779555 3.910113 0.606365 0.315745 
92013.520453 3.181665 0.583333 0.391914 
99769.854201 3.410587 0.562280 0.385644 

110592.136312 3.009560 0.724566 0.227461 
104029.694830 3.111894 0.753400 0.221215 
103778.369540 2.922669 0.758182 0.205455 
112357.815686 2.811512 0.764505 0.201365 
102140.853042 3.192461 0.744037 0.232110 
120990.328739 3.204833 0.721634 0.238275 
102234.376899 3.570112 0.711704 0.227194 
116560.153628 3.069882 0.738746 0.212219 
91376.671640 3.765321 0.670018 0.266910 
102188.238103 3.510700 0.718174 0.248464 
108630.115772 3.269383 0.692369 0.251192 
107974.876025 3.210883 0.684628 0.251981 
97640.354210 3.338252 0.680070 0.268357 
95844.231869 3.744364 0.666667 0.290464 
95864.652688 4.074377 0.651261 0.292437 
91852.361622 3.791393 0.612416 0.349832 
100065.429787 3.821759 0.629196 0.313817 
92781.500882 3.541921 0.633503 0.314626 
98901.762454 3.489756 0.645765 0.286645 
97407.026221 3.128903 0.635697 0.315403 
110879.620349 3.496644 0.647619 0.305495 
88016.880017 3.953001 0.550423 0.391840 
111040.885112 3.152955 0.576898 0.380921 
87539.203709 4.289027 0.572115 0.362179 
105115.361558 3.594986 0.568654 0.386470 

98234.747777 3.400451 0.750958 0.224138 
105225.023385 2.852852 0.761302 0.211573 
113589.579696 2.838844 0.733442 0.223222 
102430.043997 3.466930 0.724481 0.232159 
100677.334016 3.222063 0.725384 0.223126 
107330.460414 3.172322 0.734868 0.218244 
92903.442898 3.265698 0.740594 0.240594 
97516.686589 3.036097 0.707384 0.270738 
98363.887570 3.005865 0.700452 0.256109 
102106.787535 3.125309 0.707080 0.250442 
109620.530191 3.288055 0.686461 0.262866 
122398.674568 2.926897 0.700651 0.258858 
102136.930977 4.105349 0.679370 0.272577 
97732.854314 4.029802 0.682323 0.277541 
90616.652685 3.315517 0.628049 0.324913 
106122.401080 3.383144 0.609023 0.321053 
99943.409584 3.881235 0.646870 0.317014 
96304.665051 3.246484 0.633803 0.299089 
92382.707294 3.496448 0.633221 0.319562 
108197.504447 2.986270 0.611833 0.325397 
105223.128603 4.015934 0.602265 0.361642 
93240.968168 3.664603 0.596352 0.360032 
99562.399260 4.092481 0.581991 0.354319 
104596.666857 4.026407 0.617844 0.329368 
96233.457578 4.011346 0.571534 0.396018 

